4085 302 990 3423 4863 1739 262 3291 4541 4684 1382 1650 3107 3754 4301 4629 3486 99 1218 1769
571 4991 3829 4540 194 2961 4684 1692 3932 1067 897 4367 2753 4021 4509 1253 841 166 16 138
4297 1368 2129 1781 1679 2536 399 2466 4999 2050 1838 3648 4694 256 638 4074 1123 4540 3618 3953
3429 4498 675 602 3918 3404 502 1384 1700 2028 834 4952 3230 3585 4952 3543 2821 3002 4991 4522
4882 3593 2714 3493 4583 1516 2004 4801 4140 3651 3306 291 763 3446 4449 554 1111 1466 2073 2031
1256 2737 818 2688 1231 3871 3465 307 3336 2701 2650 3178 3307 3640 1291 3861 194 195 1339 1201
4991 320 3307 2933 1875 3416 3436 1810 863 4695 3372 3914 2415 154 4056 3495 755 2129 1803 4418
812 1135 593 3782 1107 2768 2159 639 4422 339 4183 1170 3759 2375 4746 3861 1875 1814 881 293
4062 3403 2112 3584 3387 2359 2989 949 4540 642 1739 4744 3411 1965 3294 2031 2536 3016 898 2276
256 2012 2700 4600 1223 941 4776 2767 3387 3914 1509 518 2669 748 1449 3914 1429 1382 639 3984
4333 1445 256 2536 3585 820 2540 520 1331 4408 2411 920 3153 124 262 4484 4281 3921 4419 3585
2317 1584 3800 2611 810 1611 1803 489 4614 4902 4872 2374 2039 1481 2317 2973 1188 1350 3177 1584
3075 440 980 101 901 682 872 527 2918 256 4091 4768 1370 1322 3265 2218 2598 2024 3066 1572
177 1004 3706 2580 2519 755 213 2933 4813 1739 1258 1701 1370 761 4373 2990 3657 4938 2908 1674
2294 383 236 4154 2030 727 3620 755 4540 1193 4565 218 1497 4393 173 4152 3721 3643 3958 1933
150 2519 3620 2847 2689 2979 1535 4991 3493 2999 2401 2922 1268 4989 1020 3136 2219 1572 2965 2870
3370 1739 1637 2746 3914 2031 3416 4535 4772 2635 4070 1597 4424 2088 1869 1231 3172 4583 3982 1739
2581 3917 3621 2039 2933 3914 3569 1123 266 4591 4834 2975 3485 2031 4514 4971 4723 4392 4711 4087
2581 3214 207 1692 2294 2224 1947 207 150 1796 3635 4140 947 3011 1362 2183 4511 2133 4195 1438
1755 4991 4542 2331 1860 1797 1375 2220 3481 4511 2536 4203 29 1739 931 3232 993 4814 4065 3073
4020 1449 4756 3459 2961 755 439 842 2297 2714 4663 755 236 3900 2420 3263 4904 642 3864 4429
3585 2912 1165 4668 3621 243 4834 738 4541 2049 2372 2737 727 4154 291 1639 2973 2821 2158 2535
4742 1196 374 262 4678 194 331 1508 4452 1088 820 3585 2621 2582 3495 4290 1739 897 3645 4318
2317 1692 2295 1755 573 3861 4157 3294 53 2158 1338 3144 2129 4540 2508 4088 4604 3648 2331 2737
2912 195 1008 4782 1095 2185 639 3407 3200 2987 1497 4201 1105 4889 989 2874 2306 1814 3359 4411
2592 2933 4950 2582 3585 2863 3465 4553 3257 2964 4904 3291 4159 1584 2551 1223 4520 4678 2256 3340
1136 1913 4835 256 3855 2663 3792 4952 3953 4392 727 2536 4867 2404 1546 3402 3217 2723 1388 421
1030 2376 4552 3361 2854 1927 712 1583 682 2930 2604 4436 3848 2368 3724 463 4385 1331 2573 251
2640 3604 889 3901 2866 1291 4814 893 207 4289 1369 2026 1213 654 467 1759 3092 2007 3914 1400
3648 1402 4554 1722 702 2989 2557 2975 4162 4123 3307 3347 2121 3182 1211 3619 3761 1437 1146 2547
2573 1814 4214 1778 1073 4627 2660 4040 1026 3172 344 1546 727 3602 4803 2746 4088 557 1041 2897
2581 1739 440 1739 257 2472 2746 2030 2004 785 3740 4782 4266 1970 2536 4225 2465 4946 607 2637
2581 3916 1395 1929 2630 2026 3914 3584 1117 4927 2746 3877 3005 2746 2519 4730 2536 3509 1967 1656
4370 4339 1583 2621 4154 411 436 3648 2956 3619 639 1980 2379 914 186 810 681 4434 4108 2749
15 4170 1223 4476 2269 1778 351 166 19 558 4878 4672 3914 3917 4333 2571 1586 2701 3953 2337
3585 3081 3943 1545 4811 2229 1322 3291 2126 2026 3469 3981 2821 2007 2810 1785 1986 2289 3647 4985
1464 4537 213 2004 1304 3675 4220 3200 4864 4289 2453 3386 3455 1820 3157 4540 173 4583 3014 6
4991 2359 2050 2650 3710 2100 2300 4631 3572 1262 1929 236 785 3182 3213 520 3003 4423 1427 4999
4052 568 2457 1751 26 1805 260 2297 2536 1732 1218 1625 2290 2723 4365 1816 4289 3529 3461 2516
4415 3529 3780 941 2536 2331 2442 1104 4484 4468 947 3169 4017 3251 754 1724 4415 4155 2379 344
1656 2821 4067 3085 3743 3292 3364 3416 2971 4546 1656 270 2746 3982 2190 256 727 2536 3802 1939
428 529 621 2849 1201 671 3710 2635 118 1533 2725 311 1133 1117 3056 4798 1370 3182 1751 3969
2581 2746 207 2039 489 2778 2119 4162 1886 2028 2480 2689 4482 4713 4890 4502 1739 4695 24 413
2581 413 2714 1460 2498 3045 756 2176 1739 1632 4187 2331 1355 1779 1321 196 2536 1700 2795 1382
2592 4086 1763 4393 527 1583 3178 2190 2464 3914 1779 935 4954 2583 4727 3124 236 12 398 2307
641 4541 1234 1546 1150 520 1362 378 332 4165 4617 1061 2508 108 2643 3706 3336 3294 3641 841
4673 1843 3983 302 885 682 46 812 1625 67 513 1020 1525 1372 63 3619 4080 1739 1907 2929
4742 4152 1739 2307 4854 2076 4560 3829 1030 270 3510 2372 4240 290 2492 3561 44 2483 217 3505
994 2941 4373 2714 3486 2689 94 2141 4991 1692 2423 3524 3619 3864 3294 1716 4952 1716 2250 428
259 1873 1474 256 4631 3465 2039 2307 262 2439 2821 2821 949 4225 4540 3354 1362 3648 2609 1769
1739 3178 1840 2441 302 2725 4426 3694 1755 1510 4526 693 3439 2228 3851 3088 262 4329 2505 3730
2736 1300 641 2414 2610 1732 607 693 1150 4699 4632 4168 1370 2550 1739 4957 2848 2031 1752 1583
4493 486 4482 3907 2224 3509 940 1470 2714 2434 3002 912 384 3145 2689 4400 3191 1515 3973 2479
4742 1603 528 2972 1117 4724 3914 1240 3622 2379 3178 437 2218 4154 1449 4991 1004 3739 3688 1584
1224 259 4060 4748 642 395 4071 3510 4189 3766 1322 74 114 2536 2581 3759 1041 2489 2209 920
2087 2026 4624 1739 2007 1396 2973 4801 4313 1656 4631 3361 230 463 3465 2355 2611 639 932 463
2592 1875 2176 1739 818 2420 2280 11 2973 401 1545 4227 4776 4085 4638 3831 3234 4497 3619 823
2938 2774 273 738 1689 2940 256 686 977 1943 801 1025 4318 1399 4091 99 2821 2759 2200 2278
3775 2619 812 3401 124 2645 3981 1855 3435 2297 2689 2121 352 4211 522 4831 2429 575 2859 2412
1242 3510 4187 677 2229 4629 2536 2973 3981 548 249 4538 2701 4497 4015 778 527 307 738 4729
1476 3278 2359 1231 1495 204 2307 2411 3010 721 1994 4085 2230 2987 3829 4148 127 4411 1338 1510
1940 1599 162 1665 3861 1763 2007 2329 2131 1910 1008 3577 3120 4590 1650 3927 834 4775 1292 53
3585 3795 4407 224 4214 3129 785 2328 2430 1117 4566 2894 2393 1797 1298 3917 331 4162 1609 514
230 2912 3585 223 4333 931 2036 4631 990 440 4514 2087 3925 1256 1409 2657 2372 493 1187 4154
4742 4680 3585 26 731 3443 2759 3792 1179 4085 3469 236 3189 2300 61 2375 1803 124 3868 3401
4742 4954 2317 1509 4631 554 2737 1140 62 296 1382 109 4088 1707 3093 2770 507 62 3706 1586
440 4901 2299 670 1939 1095 548 1339 2271 221 2007 4070 4989 1223 3916 2280 3886 2496 548 3495
3360 1751 4991 3840 1201 4522 1838 1751 2505 4991 2877 4122 1948 2532 2657 3307 1614 1323 1533 1382
440 4889 262 1730 243 4310 3081 4514 11 686 1123 2733 1889 1268 3471 3619 67 3360 3615 4005
1224 4339 170 2024 994 1221 2767 479 4222 863 1540 173 2961 302 4971 4278 3982 4878 1183 2821
628 248 109 1261 4931 2559 1278 3781 94 2550 4677 440 4023 331 252 2004 1976 4015 2280 4015
1242 1322 1140 1738 426 2215 2955 847 683 3066 799 3307 1656 3411 4578 1933 2271 3861 4540 3734
4041 3914 1816 4157 530 1875 3877 4907 3914 3164 2536 3979 4540 256 2129 2342 3726 3066 990 2573
1224 754 4435 2947 1584 941 782 441 3307 331 2150 380 1256 2031 1224 660 469 2689 3306 3136
259 162 1923 1095 3311 1229 4692 2854 2844 2904 4290 1751 4289 2972 1583 1435 2673 4168 3751 4778
4534 3724 1155 2577 3585 2402 4247 205 2004 3602 1451 3981 3009 4964 2221 755 1603 3045 1132 4035
3360 463 3899 4017 920 4686 4778 4497 3640 216 4614 2821 1812 2689 2331 293 1008 3999 210 3313
2592 145 4434 1879 2278 1451 4863 3225 3502 4626 4959 2732 381 173 2104 2185 3336 1986 3058 3900
2592 422 124 1481 2077 512 2847 3416 2821 1739 2155 2610 4877 2016 4583 1716 3774 1120 1939 3542
4991 402 3022 1322 4828 2732 3073 3236 3058 3792 2584 4680 598 1155 4101 4798 3264 494 1382 567
4240 236 2765 3705 3593 173 639 3028 3149 4345 3264 2131 1008 820 65 4783 1153 1335 2870 3177
2592 2317 4976 2126 1495 4491 1838 3706 715 4865 3294 1322 4482 2536 463 1350 1769 1460 2746 3914
851 4073 3498 2492 2089 682 3700 4604 3011 4727 4663 3914 3058 3593 3619 422 4483 1098 4318 4478
4742 1368 2711 1508 4989 2001 639 2100 3778 4126 3914 3217 1648 3336 151 3108 63 94 24 1599
1920 3577 1939 1304 3720 2574 2188 3612 4749 4989 3706 2331 1015 1410 1179 3925 2622 1444 4501 3509
1224 2888 4040 2031 1331 4566 4647 3651 755 124 4437 3098 4508 2650 2481 4150 1960 4492 262 894
3585 2817 381 2372 1436 4012 1051 2280 67 3882 4312 4727 3194 4636 4971 4225 1829 4394 1159 2519
1224 2317 2799 726 3486 1506 2508 3225 4872 1739 2039 4546 569 4638 1378 1423 4768 1338 2210 815
2412 1546 256 4540 755 4631 1117 3064 1656 1475 1355 2697 463 3688 4171 2830 195 1739 430 1161
2592 4800 595 1799 3914 236 3952 2979 2717 4941 1911 1649 1739 2280 3057 1146 3369 4566 45 520
3706 4054 2551 380 3602 607 715 1586 639 204 3661 861 1976 26 2441 4379 2524 4045 293 2689
440 2012 4452 3780 4408 186 258 1732 4129 3049 2399 1656 727 3495 4170 3103 1045 2566 3183 2670
812 1213 3621 2127 1291 844 2331 3172 2589 3093 854 2393 607 2250 4989 1438 4744 3153 1382 1508
1739 63 2961 256 2012 463 2579 3251 2049 4763 26 3036 3914 1179 356 2372 4140 3712 3759 3183
2581 1191 2190 3233 4393 331 717 3613 1339 53 4526 2725 256 4672 1899 4804 1751 2175 2472 3015
4301 371 1414 2821 2278 4122 2821 162 4528 2039 4154 1769 3914 940 2609 4339 4198 1265 911 2039
1224 236 230 2975 2672 2650 4932 715 4642 3097 2439 4345 1892 812 1497 3251 4071 3871 4579 3307
1231 1935 3275 881 4883 3361 3619 558 2933 3967 293 4801 1331 4695 4684 4356 2689 4836 2540 428
1940 3313 4312 3237 4372 4289 235 3095 4929 3293 782 4393 4372 3834 1392 4408 4393 1843 3334 3759
2540 489 2031 173 1182 1382 3790 2492 2028 787 812 1188 1339 4946 4899 2848 1099 2801 2073 543
440 837 383 4086 4682 4140 230 1425 262 378 2890 1438 4665 1370 1128 2536 4695 436 3510 4741
259 778 1319 3294 4482 3764 4684 815 4573 2143 2004 4329 3651 3505 4749 3136 3116 755 4318 2629
4564 61 539 2683 3914 2307 3278 2720 2420 1879 3465 813 2973 3585 3924 2535 1739 4349 2536 4437
2230 1117 603 3387 4152 3982 2093 2030 2460 4532 3313 898 1996 1298 122 1001 2904 510 4631 920
3132 216 2811 4638 4671 1567 1584 3434 1980 2183 1146 1117 3898 1875 4730 602 214 4540 1008 3719
1224 1521 2959 3465 4157 848 2904 463 357 124 2989 2012 3465 4872 3773 4540 1656 2363 2892 4236
1224 191 3300 527 2049 4752 3918 1382 1168 39 1382 4905 4498 1583 794 4936 294 49 262 2471
256 1120 2039 4086 162 4541 178 893 1812 2817 1008 4704 4044 4053 1198 2207 1026 2975 1726 4422
4204 2592 253 186 738 2492 298 422 232 4604 4514 3093 2224 3461 2492 1913 3139 1656 2536 3780
3621 1365 4479 1495 1797 3963 4863 1739 3773 23 413 1763 1495 3914 3493 428 2732 2817 1781 1213
3916 3914 4303 4989 1841 2100 2536 23 3310 332 1144 3868 1779 3746 639 1583 4867 4977 3914 11
4261 1477 280 1603 1447 3183 3671 1945 755 2272 4029 3183 2690 2588 2840 4088 4971 3854 174 2474
4589 3429 232 3251 3845 842 1525 2370 3047 1001 4492 4546 2140 381 3964 4948 3198 2126 3782 1327
1231 350 4162 587 2372 3329 812 3541 3389 2516 794 4851 489 2401 1769 468 4454 3585 4052 3585
812 3585 1079 1863 4434 3604 4081 4705 2478 4042 3747 351 4541 3999 2219 890 2795 2030 162 2689
1030 2550 1739 2039 3495 3585 2122 4682 3835 4764 4284 2535 4991 236 262 2457 1389 1123 4069 1803
506 4675 3829 4280 2550 331 1182 4616 2573 3638 1140 1580 4726 1117 2186 2815 3712 2004 820 4891
3313 60 11 2887 750 1323 2030 4768 2295 2705 99 2050 2571 4636 255 3587 1586 332 900 2609
1368 2645 4645 4705 4553 2167 1138 1135 1927 3174 857 4764 138 2297 661 2411 237 3547 1179 1498
2581 4739 2574 1838 1375 1657 3643 4040 1670 2209 4066 2536 1062 4542 4828 1197 2186 4238 2856 1769
3741 3674 1154 1495 1865 4552 4187 4289 1495 3885 3982 53 2331 3927 320 4625 1656 3343 4013 3914
514 4504 3510 236 4880 1389 2030 3643 2260 2692 2393 3619 4434 3861 607 1893 2973 1521 4752 4015
4742 3885 3541 2379 36 3502 4475 1008 1690 2301 3054 1650 251 228 1904 2753 1506 1315 519 1124
4801 2583 4424 1291 173 2892 465 1165 320 2947 3119 1189 2959 2689 558 591 3532 1751 2331 551
1095 61 4815 4478 4416 3706 3196 1656 812 1728 727 4916 4566 4695 4631 267 173 467 1168 2592
3360 4514 3015 1304 3045 4545 1120 3093 3059 4508 1985 489 4680 4140 1716 2325 3217 381 2007 3178
816 68 257 1334 3859 1867 3969 2278 823 4840 1867 3706 4778 367 4511 3619 2375 2165 1171 4187
1224 1739 3914 1079 4179 1206 2961 1104 4616 4345 2916 4345 178 2830 3829 2758 4329 497 4217 3178
2521 3481 3829 204 1041 2457 1362 2317 4004 2031 3600 2307 646 2558 4125 2650 3046 3651 220 2280
1739 3458 3780 593 1769 2456 4542 3361 2420 920 3465 2404 2060 3476 4297 4383 2725 1382 2550 4927
4540 751 3667 3572 1983 402 4811 2302 1811 3767 3886 3253 4260 2179 1125 755 4561 3509 695 2912
3710 3807 2193 2536 3578 3361 2635 4899 1088 1382 3991 2705 3547 3016 3032 4801 4187 389 799 2050
3585 1485 2125 1739 3458 1467 1818 1457 1607 1755 3429 2250 4991 1986 1537 1822 2746 2535 3084 4744
1291 4746 138 4645 4005 293 291 4478 1656 2126 1146 2821 2533 1739 4954 4801 2933 3989 1609 2563
2592 1240 4540 1947 4278 676 3758 912 256 3301 3045 3577 3067 1291 727 3914 2539 812 4859 3220
2689 2635 2746 1583 215 823 3405 3905 955 201 4583 3905 890 162 4977 124 4954 1325 1146 237
4261 925 1340 2536 302 3313 2249 269 4694 1797 2340 3969 2193 4546 4546 3982 3304 3306 941 4154
2592 4566 1490 502 683 1177 2185 1583 3120 3251 3640 4922 3264 4062 2592 3948 4542 4592 461 57
1105 1135 2209 3545 4799 2668 3988 1212 2209 4756 4844 4989 1497 2870 3630 290 3149 399 1976 1714
1497 2715 4424 4140 52 530 3352 1767 4452 4725 4393 2183 1268 933 4478 256 4411 3232 2217 2955
4675 4542 4393 4583 1375 2605 1454 892 3204 3220 3306 1587 467 3709 1584 3307 2536 3395 3632 2190
4889 2372 2039 1574 2818 2031 1365 3266 2938 2188 3724 2840 4631 4367 3465 2795 2961 144 2610 2088
199 2075 1120 4678 293 3233 1875 3435 3636 920 3416 53 2188 135 667 4159 4605 1637 2140 1062
1451 3515 4678 2049 2581 2099 2294 428 2299 2039 3725 1117 2492 1375 653 955 749 527 1656 1464
212 256 1094 4393 2565 1375 2039 4422 2637 4851 2645 4546 3709 2089 3593 1323 2947 4863 3465 1382
4891 4959 4421 2630 26 4405 4778 1388 218 1967 2012 787 1637 3039 1146 1182 4478 4140 1168 2582
4991 4727 83 4434 3619 839 1375 1580 4439 1800 2621 3360 1829 3964 3465 1641 1597 4170 4542 44
4263 1820 820 4162 2478 3385 1586 2402 2652 3848 2039 815 2030 2536 2619 912 1291 4989 3629 4583
3957 78 2379 4071 1574 2158 4435 2930 4154 3486 1675 534 11 1767 3578 2300 2579 941 3269 145
2821 1183 1347 3585 4519 4484 4315 1675 2821 1739 1218 1299 1045 3471 2821 3773 2961 1179 4347 3416
2373 1572 289 1117 1331 2972 1495 1104 402 3486 135 3000 434 3241 1875 413 2100 1778 648 1540
434 1389 2250 1580 928 4339 1495 291 2582 4768 844 4867 4778 3914 1231 4852 2050 3813 3178 1187
2592 512 793 2955 4541 2972 2087 4393 3178 3307 2518 173 2071 392 682 4560 3943 3222 4183 1203
3585 4119 4011 4814 3829 2828 1656 1020 1088 2372 4631 3572 4984 1497 3706 3465 1816 797 1684 2821
2937 1608 2183 1572 3706 2956 4554 3251 4616 67 4672 2323 3217 4101 606 3375 2411 1464 1769 489
3948 4088 1621 692 1104 4290 66 4532 4434 2725 243 3886 4952 262 3251 4162 1820 2011 2050 4422
2294 4600 3914 2224 1188 3578 3233 1153 4329 1117 648 1030 4947 3585 4745 3465 4492 4449 4318 4170
463 597 1224 3585 2362 2859 4546 1495 506 1943 2039 3710 1585 738 1922 26 295 2650 2555 4125
1135 3368 3183 4546 2922 979 2278 4422 893 1128 2278 3136 3925 3000 2480 1782 2325 4923 2554 3964
4991 3411 566 497 193 2331 935 2635 799 933 782 4903 1362 1132 4560 2342 4519 4600 44 4583
1231 3837 3510 1879 1964 138 2480 2430 4626 2430 2002 4684 587 4999 2372 1739 4301 1572 489 755
3551 3723 4235 1529 4164 3850 1059 2821 2689 1148 3461 1657 4514 2135 3183 747 2869 1223 3807 4546
2373 2535 4081 1656 893 3706 352 3471 3994 165 3529 3465 2796 2618 1528 16 1996 962 1571 820
150 3585 1123 3416 26 1392 111 3872 192 2129 3585 2125 30 1304 2224 4154 463 4345 3619 3525
2521 2805 4554 1752 3321 2547 4663 782 2913 3932 1117 820 912 1675 4178 4302 4170 1585 2821 2012
2125 4685 348 1210 3703 3420 4695 3916 2817 295 1140 4241 3789 3621 2931 2536 4801 1875 4991 3416
1030 2227 4636 1791 2184 4318 527 2307 1150 1769 831 4479 4540 2536 3307 256 4743 1069 3747 1004
4991 4631 3294 119 3461 3829 4027 1809 2379 256 4977 3286 150 2536 4029 1248 2609 2026 2536 389
1538 213 1820 1630 3483 4140 2806 2140 863 3306 1670 2199 728 984 2536 2912 2821 1138 3631 198
1732 1951 4601 4183 181 3966 193 1447 2471 252 1845 3322 3619 4616 1538 1185 4091 320 2124 4314
2294 4754 1749 1501 1751 3943 3720 1739 307 3368 1193 1739 2689 236 60 4672 3585 2203 2030 820
1495 4647 4801 4637 2633 2302 4504 1206 2007 2317 256 2675 4633 4865 3958 4439 3581 2572 769 2848
4889 4690 2372 298 4798 354 4851 2280 912 3465 1020 1812 1484 2863 2536 4062 166 1822 3097 4752
1865 2379 4393 3760 1008 2532 2586 1675 324 1117 2930 1739 1231 2550 4069 331 973 2030 1213 3871
1536 4991 2396 401 610 2030 2929 243 4170 4107 264 1508 4641 291 1368 1140 4029 4221 603 19
3461 2609 676 2139 2821 621 273 2007 2473 4541 2359 4339 2550 4636 436 728 2540 1584 262 3761
1656 4781 755 3792 135 2370 4339 1117 2280 1117 3073 1584 4318 2829 2258 4872 1304 1716 493 3265
1552 3352 2189 4154 1656 1656 3354 2031 1641 2184 1820 3307 3217 2453 1675 1742 194 4884 782 3502
3547 3222 2519 799 3448 673 1755 297 3361 3643 1509 2248 4140 2306 2841 3411 4938 899 3244 1739
1688 2234 204 632 2345 1094 2345 1153 1240 3674 3914 4964 352 4086 1829 3589 1440 1223 2039 162
177 4647 1474 3864 2927 1739 216 2050 370 2508 3927 920 3648 124 3251 1221 3788 2571 213 2453
4263 3969 1231 3468 3966 3706 4399 3021 2761 1714 4076 4424 3567 4675 4170 1510 4942 754 26 596
2592 676 63 1865 406 2525 615 1583 2689 461 3925 821 393 4795 1582 4991 468 2331 236 4183
1924 337 1254 936 1656 2330 1231 1141 682 2460 1105 60 2536 1739 3389 1515 2676 1426 1223 3829
1217 2792 947 4618 3585 2801 437 1551 2679 2694 4289 4411 1268 2375 3602 1646 1398 2185 230 2987
2592 1727 4776 3427 1339 3897 2317 4535 4074 467 2029 767 4071 705 3585 251 2745 706 2119 3585
2821 384 1875 2492 4031 1382 4420 256 3911 3286 307 1656 3914 1400 2393 2536 3081 4012 4542 2004
4991 1996 3088 1965 2128 465 4743 2372 810 690 2465 353 1714 204 3916 1068 489 3652 392 251
2204 603 628 3706 1880 1244 3911 4475 3585 3232 1810 3964 3981 2030 2973 1366 2536 2962 2821 230
1524 1739 1572 3706 4624 4504 4434 1135 135 4422 568 2002 2016 3461 4479 1749 1128 2536 2742 4290
3851 1996 291 3499 4775 376 1907 754 3354 1495 3214 1749 2125 2004 1751 3166 3272 920 1340 3222
4161 2185 4933 1010 250 4566 4941 262 4912 4552 1577 4836 4093 4187 2621 3542 3257 465 620 24
3585 816 4101 4991 3706 1574 2762 2765 4339 4159 530 639 857 381 1808 1783 2737 2973 727 4546
4626 3678 4991 4479 2821 2492 67 3033 715 850 1565 4991 1586 2492 479 4441 1449 799 3786 86
2878 1079 3674 2626 2331 755 1684 4752 836 3572 1300 4005 3643 4984 4768 1903 2944 1296 727 4805
1224 1084 178 1637 339 3509 3361 2018 4414 3136 2973 1927 3183 4439 193 3353 743 4392 478 3585
2179 2456 3435 3178 2411 2456 2317 1583 4540 1509 4329 24 3585 2633 2742 639 2636 2877 2031 3789
1030 270 291 2961 3329 1845 820 1763 3829 538 2547 256 3465 4639 1291 1867 2742 419 2140 2768
3585 2550 3638 2689 4616 3585 4244 4225 1105 2770 1389 2278 1931 801 2190 2215 1533 2031 3622 2089
4742 1449 1448 1516 2536 3585 1135 566 2265 3456 4851 2765 1165 3120 436 3093 489 3213 727 3585
3982 3585 3416 3208 4071 1980 2464 4768 4085 1769 3264 4854 3643 4392 3465 1148 3921 2536 1357 2863
1583 2592 3953 3809 3744 874 2690 294 331 893 4526 868 2870 489 2225 3914 1769 686 755 998
2039 3340 3914 489 1607 2451 4625 4329 3651 1738 2430 2640 2742 4211 173 941 3841 2905 2870 1196
3549 2420 3602 1755 428 1150 3982 4803 1224 78 559 2039 3241 1135 2261 1465 2379 2581 1521 3914
1552 2038 1656 3497 2933 467 286 3643 1787 1323 173 1117 398 3614 2778 4457 3559 2280 1927 4775
4924 1980 715 394 1339 497 307 1160 173 145 1495 4270 2536 4682 2132 2306 2981 3461 2697 3251
2592 70 4542 4319 2280 3178 3495 607 4768 2905 1191 4437 1123 2280 2689 2553 1684 3982 1382 44
1817 253 4125 840 3581 3278 797 1261 4604 2923 1583 421 3827 262 3214 673 568 3648 2516 2545
4991 607 603 4393 3515 3545 2536 3052 2829 413 920 159 3679 1008 1362 2621 3809 2018 1307 548
1224 4101 2856 1586 1651 2047 1820 3709 1739 173 3645 1616 1739 3619 2524 1051 1861 4991 4601 2007
1030 1079 4726 1362 1268 3037 2007 4663 2689 3347 1060 3759 3182 2030 2031 67 1656 4101 1921 4877
2125 1030 3228 755 61 4396 389 262 973 3222 2286 896 782 4005 291 1803 1179 426 4641 394
4545 4542 3084 293 4439 82 682 152 236 214 1803 1127 3945 3210 4863 3278 3323 1769 4382 411
1259 855 2030 3861 1549 2441 395 395 3734 196 4154 3183 4899 1202 2973 2869 2592 1656 1656 1339
2746 4339 2536 1751 2801 4058 3917 3043 1485 2007 3108 1155 4387 3436 445 3489 1583 3648 4162 1785
1224 2125 4187 3600 4783 2682 2725 682 1465 1251 1362 4437 2272 3307 1751 3577 2004 1497 3926 2621
803 2585 3585 597 920 192 1996 4183 305 4266 4526 4267 2547 2229 4101 4372 3149 229 4991 2671
1224 984 1101 4583 1225 3874 4841 4962 2974 332 1450 674 645 659 4478 4329 1341 12 3265 3461
204 3002 4991 4631 1996 2635 1656 812 3172 3493 1034 4514 4086 2143 467 2689 1952 4578 61 2111
2869 2574 4616 4424 371 2582 755 2315 568 2129 4542 4528 262 3897 1363 463 727 3975 1584 3773
1154 3313 3277 418 2198 4477 4889 2697 5 1223 2121 3261 3307 3183 165 2616 2773 688 2802 1155
2585 1004 3585 233 2540 1769 4214 2970 3612 2280 256 3416 2327 1739 3078 602 2650 1550 3378 2609
4742 1739 2961 2291 2430 4152 4373 1079 219 1875 436 4682 920 2975 434 1832 1306 2536 3914 237
4991 1865 3230 4187 1127 4808 1153 1117 4836 617 2803 4390 63 4566 3927 257 2551 256 101 1597
3986 4694 44 3542 44 1689 2821 2039 4546 3585 2143 4971 220 401 232 1755 4719 3527 4101 3810
3541 816 74 4542 2682 1462 3864 175 1117 3585 2746 3485 2536 3178 307 3280 2770 23 2030 1377
2340 1322 4313 3585 96 469 727 392 974 727 4699 3352 243 2224 3925 353 4606 2457 2650 166
440 1348 1583 1656 1495 738 1465 4154 2198 4162 53 2581 3643 2216 3163 4757 38 3914 4953 1123
2581 2746 463 1964 284 1939 49 2689 1323 1910 4540 2676 3927 2453 3618 689 1939 727 2144 2630
440 2492 2725 3081 1032 1616 705 3754 1528 842 1001 2077 3081 169 4638 3307 1546 2411 3341 4282
4109 2547 1700 731 3155 2536 962 2689 2190 3251 1845 3016 3461 952 4638 1500 3721 727 717 2986
1497 4954 3474 2841 4019 2064 213 1188 2165 486 3268 1148 4624 4391 4511 4154 3635 4165 2933 2536
910 4601 2357 1545 4015 4218 3159 4625 2987 214 2573 1425 467 2429 1328 1323 331 411 4214 3543
3712 1410 496 812 178 4774 2821 2821 4587 4631 4771 3002 949 2143 1105 520 2933 402 858 2536
402 674 1213 1816 4583 1338 3861 2030 4170 3611 1739 230 1448 4617 4214 2732 2609 419 3982 3509
440 262 4752 2234 2456 793 520 1188 1120 3307 4583 4439 410 3900 3618 1506 2541 778 2535 3194
4240 3045 3265 2778 230 1505 1295 2755 2401 901 3583 4889 1140 1857 4877 3286 2821 2492 2039 1577
2986 629 4062 4393 2870 4740 568 1251 1716 3214 1260 3499 3886 4227 2111 898 1769 4227 2031 2306
23 3082 1803 2599 3064 3084 169 51 4528 3093 1362 1630 3964 671 993 3982 2821 4795 1584 2179
259 3005 1636 2393 3593 4684 3712 2430 705 4622 4727 4540 2536 3719 2220 1994 2955 1739 2372 4991
1231 3375 4924 1992 305 4583 2112 3088 4227 1583 4972 4248 372 2707 3807 4045 3231 682 2869 1231
2581 1521 1193 1660 4610 4638 2047 13 390 3994 2892 1495 256 1481 351 4438 4519 1518 1840 4638
1120 3710 3719 1179 3336 2031 3809 567 3506 4989 3228 3113 1583 2375 2770 4540 3493 1355 1902 2387
259 3585 3578 3911 924 2863 2851 4074 467 1497 1820 2039 4247 4952 1273 2821 256 2600 3508 1927
1224 1739 1995 2420 1268 1026 1485 1331 3864 413 4478 1832 4969 3575 4017 2306 1182 3047 2690 1198
2938 3669 4249 306 3646 4393 4690 1179 2767 966 4231 4478 1495 2359 4971 221 1117 1842 2861 1362
2592 3703 689 2811 931 4424 4071 1927 1495 1803 631 864 2690 4541 2781 3648 2825 1431 402 3481
2949 3510 380 4752 1935 4424 1382 2143 3619 1231 3360 389 1584 1495 2609 4001 4282 1749 926 14
4814 1191 162 236 4062 422 4478 1991 3387 4991 4187 988 2749 900 559 3785 2039 1803 4070 3493
4742 3914 4520 4091 344 2471 1344 1816 2768 3483 3709 727 3298 2975 577 2818 3129 2933 977 3943
2568 2684 1183 2609 231 3064 1511 302 4466 2706 1117 4631 726 2619 322 2224 86 2004 4991 4393
3848 4631 1068 4345 3286 1370 3914 885 1497 3462 2516 818 2132 1927 2359 1816 2508 2536 1292 467
3429 4618 4540 4705 1116 3712 3658 4579 2031 1583 4695 2479 4756 3792 251 358 1803 3727 4715 752
302 2111 2594 1186 3901 3335 2165 212 4699 4088 1867 52 1986 4636 740 3982 3982 4744 3222 4546
4968 1449 1413 1580 1749 3712 512 2817 1001 2111 3510 4211 1277 1111 4228 3585 1015 868 2094 34
2806 1656 3278 4600 1117 727 2725 4029 173 4778 838 1143 3735 1485 3502 1969 4077 4154 527 1751
4441 236 1357 1688 3914 1208 700 1907 3603 3698 3251 4439 452 1140 4698 1495 4015 1939 4345 1778
3420 302 191 1691 1650 3609 4086 2135 1834 4911 88 421 4459 1355 1874 387 3214 428 4015 3045
3658 1213 4088 162 520 4566 2231 705 1533 577 3855 1060 2532 2143 4289 2129 3868 2536 3058 1580
4991 402 298 901 2004 2640 1054 1054 2725 2987 4903 1005 4915 478 1927 1248 4902 63 436 4393
3585 2240 2492 3710 2359 2077 1282 215 2746 1231 4991 4052 2078 463 4766 1237 2089 2031 2004 1568
2821 2676 2645 642 4872 2841 1860 3619 4183 2209 152 2364 418 3084 4228 3585 2331 1518 2714 639
284 799 4854 527 4764 2973 4663 3360 2521 1769 1727 1362 1859 4768 2331 4844 628 1375 863 4345
0 259 3120 1586 3957 3593 2644 2277 4466 207 2491 2039 2039 4170 2446 3612 4075 4917 558 230
1462 1875 353 4601 2256 4129 2085 1370 1716 3016 4101 2160 4140 4778 3585 2697 4240 4393 4768 1751
3651 4949 2265 4677 4062 2306 1867 4821 1734 4393 2746 493 3829 4437 2464 598 2393 3864 2821 2294
2460 4148 1630 4694 1410 3493 3593 3618 4526 207 2280 4438 3839 296 2540 4214 4085 4989 256 2050
1485 4441 307 1036 3643 627 2933 1331 682 4663 941 3914 2300 505 3469 1355 1953 558 2160 186
2179 1981 3706 3155 3251 3724 933 4393 3182 1771 2524 3619 1846 2423 3020 2176 2312 1355 221 1531
4274 2874 709 4221 920 447 4393 2478 1656 173 4101 815 1769 1689 1430 1812 779 3716 1749 1161
2242 2737 2199 3973 4665 1762 4566 2280 4672 3585 2933 4977 3914 4684 682 4393 2933 3047 727 150
1188 4171 396 2460 144 2310 2430 162 4070 230 3047 3758 2817 8 3120 2034 1803 962 4426 682
4129 4520 705 3252 782 3204 4889 3291 2599 660 3047 1656 467 239 3275 2029 1781 3927 4289 4345
2581 236 2941 1731 3366 1816 414 1624 2185 2697 588 1583 2278 4999 767 3913 2280 1961 49 3848
689 3643 2314 3897 789 2031 510 4289 2331 682 4579 2272 3215 932 812 3817 1778 2816 2689 2359
208 988 1109 3957 2930 461 4511 3416 2136 2948 4037 513 3864 218 4428 801 4070 351 480 3759
3132 3512 2933 1583 1188 3619 1465 3100 3013 682 4840 4528 3465 1803 4393 4227 4726 2973 2039 3313
1231 816 1820 4018 1422 1845 1907 4840 3710 4170 4638 4778 3585 4154 3706 3465 920 4815 213 3183
2676 887 2679 2318 4162 3587 3197 2220 3286 3585 4422 1751 2076 2536 2190 1117 1223 2105 2280 2004
3852 4415 1001 1586 4729 2047 81 1368 782 104 3601 24 3851 3706 1781 1834 4393 4354 855 351
4020 3585 4411 1856 3431 548 1231 4214 2865 782 4528 1495 3550 1201 3984 2372 3611 579 993 41
1231 1981 1739 561 4724 2031 1930 3073 4591 237 1281 3495 1495 2609 4318 2934 162 2979 4836 2231
2592 816 1820 2645 4991 2078 3452 4684 2397 3465 2002 4438 1191 4946 2821 3953 2140 4509 2508 4757
3869 1362 2668 322 2674 2767 4841 812 3897 2306 827 1122 1030 2007 2657 2381 81 230 1155 1734
4183 2774 4011 890 378 3671 1833 207 573 3691 64 1778 2816 3925 1822 1538 2625 3510 3547 302
4616 1220 1696 178 2756 4624 2816 307 1377 2725 558 3510 4227 236 2071 154 4911 4778 3183 2770
2716 2817 4479 3574 3540 2143 2973 607 2285 4389 3759 2870 3914 848 1402 4339 2024 389 1382 352
2585 4358 3585 2020 463 2004 2692 1769 2961 4631 727 2816 3278 467 4604 2278 2332 2372 89 3618
4046 1870 2039 4911 4775 4724 2765 2328 2168 1533 162 1632 1274 2689 2361 595 3894 4414 618 4866
3585 1739 4240 3709 256 2135 4740 4740 3003 4318 3024 377 4624 4422 1495 4439 1838 4840 1555 340
419 4480 307 4451 4798 2821 3982 530 2609 2379 2250 2317 1614 1996 1586 103 3709 2375 3465 2703
1050 2229 1001 3058 2224 1583 1574 1927 2318 3493 1769 2669 2669 4977 2536 204 1716 1260 162 302
2592 232 1561 595 3785 754 166 2705 920 3782 1328 4035 3993 4174 4989 4811 1164 2746 671 1449
4687 534 3562 2460 2379 2142 1339 4564 4895 4599 3509 3405 2580 346 2031 249 1471 2278 1497 3364
751 3921 2129 1891 3020 4220 4568 4540 434 3861 1497 4672 1621 4393 4457 414 2280 2897 2737 727
1224 1266 1294 1185 1478 3931 3861 2442 4801 4240 135 3336 3785 1370 2420 4840 2430 739 4649 1812
3585 4739 2535 3261 3706 497 4 4974 4726 2581 3710 1980 3465 2456 4499 4159 512 4959 1248 3093
2260 4840 700 402 1179 2280 3411 3711 4768 1460 2874 755 2272 2007 2804 2372 101 4436 436 2492
193 2961 4150 4954 1338 3274 2136 2087 3932 3043 2411 1150 1068 4096 2480 977 3083 2890 3084 2973
1902 3436 1684 3650 4393 2722 2821 2449 2031 4038 3914 469 2650 2536 3585 2025 2102 402 1382 3508
2938 1388 2039 3707 3486 2833 1171 2650 2540 4801 2352 4952 3078 4695 3120 2372 2793 1691 465 4811
440 3510 235 1579 320 138 3481 4566 2821 1583 1952 4991 4016 1495 89 682 311 1832 2551 2575
3585 3856 3706 1584 4046 2401 2401 302 4091 3233 3880 2129 763 485 4795 4682 2246 94 4154 2457
3360 230 3706 1291 256 256 268 4393 4037 635 2465 311 4591 1449 4875 2509 1613 3606 307 2192
1656 4843 3510 1749 2362 3557 1213 3583 3807 1656 2089 3593 3925 1231 4514 1517 344 2692 627 1510
1603 3153 1996 4636 3988 2547 3885 4675 4318 4382 2806 1700 3461 1005 2362 4999 3829 1778 4392 727
2012 4540 4546 1365 2374 2430 166 121 1223 1578 3585 4801 3789 2847 559 3991 4678 4631 2695 2297
1924 2550 1339 4991 1120 1340 3759 4393 3712 4081 2249 3982 2753 4408 220 1571 159 3785 3715 1632
1364 3969 3495 3336 1475 3719 555 1689 4985 251 467 1572 1529 1026 3585 2973 1008 4542 2269 682
4626 3914 810 1231 3780 395 307 3378 3829 2379 1739 2331 2209 4726 2229 1422 4434 2961 2031 4511
224 3780 1739 4933 3510 3706 173 4162 4638 4290 2870 1571 1244 1769 395 1495 1263 1464 2749 3723
3585 820 1875 1739 683 574 3813 1771 1873 256 2688 150 1008 4511 1716 4321 2897 3997 2863 2715
1132 2165 378 4840 4994 4422 814 4086 3658 3629 1754 3567 2918 4477 2947 4318 3486 4836 2278 2584
3420 949 812 4086 3914 2359 2278 2581 4055 4345 1494 1428 2890 467 1360 212 2129 667 1751 3724
4067 2797 999 4778 4566 430 3749 4583 3465 4537 1797 881 302 3648 4967 4187 1760 1739 439 2001
1231 500 2630 2589 2125 428 2000 2841 4244 4682 422 1820 2049 785 2089 3612 4392 1829 2975 2460
259 3520 3067 1213 3648 1543 3839 256 510 2987 1589 2388 2280 4798 3982 2004 3149 4345 4040 4209
4274 1659 107 1936 2821 628 281 4223 4622 2821 559 673 1327 1382 2456 2217 1061 4018 160 583
4741 4622 2821 1584 1079 1446 4884 2280 3011 44 1335 2331 4568 2746 4153 4916 1927 680 3706 468
4991 1731 307 4597 4542 489 715 4675 920 3103 557 1879 3219 3643 4086 4546 358 3725 4108 3486
2619 267 4447 763 1497 2421 2774 3754 3097 4873 3149 912 2031 207 3301 2991 3855 4776 3643 820
1079 3674 3011 4187 4514 3251 2516 4029 3710 1905 1734 237 4422 1986 3002 1447 1352 4972 3658 1350
812 4393 782 901 1207 3010 4881 2456 4540 1291 2830 3529 1529 1382 2372 673 738 1504 4345 1778
1368 4434 2009 2933 1448 2132 4977 1370 173 4822 1790 782 4174 207 1917 26 4466 2143 463 2821
3585 3706 3923 2031 1742 4934 2521 2420 4604 256 2547 489 3483 4972 1709 3071 1586 1085 1656 1199
1583 3551 4501 4545 2944 217 217 4017 3931 1226 2176 3982 1155 1291 3643 3073 1123 2973 1510 3361
3585 1808 3119 1231 216 3868 763 1490 3108 4494 2007 3621 463 1656 1140 3638 1656 3405 2193 2249
4991 4989 1083 3016 1266 4591 4778 939 3706 2370 4310 465 286 4590 3115 3894 2359 2877 4624 2225
1552 2185 3779 3257 2767 305 3485 1339 3540 4801 4356 2031 2815 839 256 1875 3309 892 4689 3010
3585 124 4715 2004 464 4699 874 923 467 3627 4385 4140 2961 2690 3354 2961 1456 894 422 988
4801 3361 2140 2207 2002 2341 4566 3585 3227 4606 256 727 1231 2746 436 1505 278 3767 1117 931
440 2801 1952 1093 3619 610 431 2559 3429 191 4201 1322 2157 4929 2420 3706 3829 4903 1657 2280
1231 331 4933 1493 58 4062 78 4727 4441 39 3361 1389 2059 2821 235 3435 527 1769 3612 4260
2673 928 4776 3585 1739 3382 2221 2374 3740 2746 2870 3706 4778 4730 2684 2031 2933 2430 1231 2863
812 3587 3585 3403 1117 3914 4393 2536 166 2650 4088 4715 2821 1268 2690 1583 3619 2776 4535 162
4742 994 2746 2234 4991 1879 320 820 1731 3286 256 2933 3183 695 3741 4511 2536 4180 2376 4511
261 639 145 4444 874 4424 352 763 2225 2271 4642 3597 988 1788 2359 3721 2697 3831 4939 2535
1805 4616 270 291 1769 4382 3086 4003 381 4373 2489 4148 2723 4605 4345 1785 3894 1157 4804 1203
3672 755 2962 3648 2307 451 4446 4698 817 3731 463 1019 236 1231 3287 2271 331 3620 1323 2506
1231 1428 4180 230 3336 2323 2421 2372 1256 266 1375 1370 3897 2824 2821 3619 3253 426 2566 4801
2592 1008 1155 1820 3213 2791 3262 1370 3773 4991 207 4798 2938 3759 4989 3648 884 426 4864 3416
2619 3275 2209 1771 1117 3759 2689 586 2961 4165 2621 3435 1939 381 1291 2306 3294 4247 2746 901
3082 4152 3510 1856 4418 3914 2220 4863 286 1339 763 4211 230 1221 4526 2987 4716 3982 1155 2586
4638 1769 2821 1400 1440 2947 4814 343 1495 1008 3510 3232 4393 4778 3368 1739 2125 2604 3495 3313
4742 2870 525 1224 1739 428 2746 2746 26 16 1030 2144 2480 4020 251 2141 4936 4535 2004 2973
4878 2317 2267 230 2747 1939 1438 2695 3143 1803 1751 3045 4478 2547 256 1525 3925 4267 4125 11
2592 4312 3210 763 3805 1803 1879 812 1497 4526 1755 2456 3567 1213 2955 552 2031 2372 2689 4954
4638 4201 2768 621 2709 4631 153 3526 2852 2143 3081 2142 4260 2636 812 3780 3585 572 1195 4970
440 1495 1656 4884 4637 20 1231 4372 4866 1769 2331 293 3934 1769 4026 3585 4553 3759 1515 4420
3621 2958 2566 4154 4889 4752 266 1429 4822 748 2478 596 2933 931 554 3301 4052 3213 2629 3794
2214 1123 262 2328 755 4695 411 682 4297 2050 207 410 1397 3304 2519 3483 4699 2317 4546 2652
4933 4905 4989 3510 1565 1389 4540 1256 2157 3261 3439 4050 3045 506 1382 2933 1808 2387 2721 1433
1940 1964 4541 2737 3724 1875 671 1419 1428 3657 1490 2508 4884 3759 1524 2280 4892 1497 705 3183
3706 3489 4939 817 4540 563 2430 4497 2209 4289 2399 2887 4035 2372 801 3120 3465 4542 673 4541
329 777 3767 2695 2375 4062 4872 2154 4235 1248 771 3461 4937 485 170 215 3120 2002 1583 4714
4240 2870 4150 4526 676 2031 410 4991 2918 142 639 381 389 4140 755 3251 2532 4977 3183 3759
1502 829 3656 1157 4154 4281 1231 1751 1684 331 124 213 4908 2086 4107 4872 2459 1339 941 1452
2463 1781 4140 2176 2947 124 4546 2749 3829 2538 1291 3899 2420 4600 2203 2243 2770 4714 1105 3539
1939 4499 1251 4779 2080 1845 4429 60 2119 2592 1004 1291 4443 4541 3700 3328 221 1583 1739 3623
2821 3706 607 2050 1392 1980 249 3120 4345 4099 1897 655 755 693 1838 66 527 2821 3061 3378
1476 4393 1470 4598 648 3341 4709 1955 4768 138 2609 589 2676 4479 4606 2050 3097 201 3795 386
4647 463 779 3861 4088 4566 1117 3719 2157 3236 1213 2536 3619 2492 3049 3759 1291 236 766 1879
3585 186 2642 302 1607 4552 607 2039 4546 1578 2640 1986 3461 4514 4566 4180 755 3343 2861 4801
402 3185 293 767 53 1030 1088 3147 1769 2367 4021 4345 2695 2787 4659 1565 639 2550 2904 4991
2598 3455 955 4934 4310 4289 1236 428 2535 4657 3982 2396 1875 298 4372 4101 4724 3785 4540 1584
2592 4597 4244 2540 1755 2933 787 4191 396 1706 1360 324 727 4029 2861 4875 4801 671 461 13
655 402 2375 394 2217 239 1538 4238 3272 2002 1933 2026 2973 4690 815 755 4023 4046 4554 1752
2592 166 2746 671 2224 2821 436 3436 2411 4782 3486 2833 4101 61 782 1165 1803 4863 2420 1222
3585 4989 3619 1771 3720 1583 3214 3783 1562 4683 3185 3251 1939 337 4946 4565 1510 2441 626 2541
4497 2592 162 4682 4187 1268 3561 2973 305 2657 4449 2401 3859 1571 331 266 2302 2716 579 639
3423 1627 1731 4889 1094 2908 2129 3886 3706 1327 4726 673 947 4694 2411 3648 3318 2085 815 4430
3585 639 3702 2411 3200 2492 1200 4148 1821 218 3648 2372 3062 2987 1583 3871 603 4091 2695 4270
4991 3829 1583 1816 4629 2269 3471 547 987 4554 1382 2153 305 3973 1925 3465 2012 1153 4805 3024
3585 195 3675 4026 4599 3251 738 2256 863 1054 1705 419 671 1445 3416 1117 2030 2089 1117 2595
3668 1822 3621 4991 3521 331 1731 1260 2030 3914 2921 4627 820 2127 2306 4052 4411 788 1739 2829
4274 947 3585 53 1753 3927 1241 3823 4152 3121 1100 2056 4872 3306 238 1572 2331 1914 2480 4062
256 2874 3182 2379 727 3914 2050 3864 4001 1392 1030 1656 895 3764 204 4511 3325 3917 251 3781
1952 747 230 2714 3509 1342 2439 2478 2592 3364 2489 4088 638 78 1439 3914 1099 4281 3561 4672
3585 4122 236 2379 1769 1769 256 4740 3703 507 3966 2453 124 463 654 4509 465 2690 4665 4005
177 2496 3585 61 754 3780 262 1362 4338 1034 2975 2635 568 324 1183 4393 4393 4864 4363 4070
1503 4485 396 1978 1755 4778 2089 1024 2181 4782 2870 3011 3073 4952 2933 2306 766 1231 4266 2345
3837 4493 2456 2575 3481 4179 1495 4800 3959 1850 339 2217 4086 3306 1858 1122 2472 2550 2129 3082
2581 3759 1751 2272 817 1769 2999 1400 346 4877 1991 2265 1739 221 3861 1170 3403 2892 799 3178
812 3568 3585 3462 988 3894 3376 3731 4764 3782 2464 1609 243 1739 1267 834 76 2362 2200 4392
2483 1940 3301 3913 4053 2039 2280 1656 3542 352 31 256 2973 3897 1739 2297 3650 3773 4546 2089
3204 550 72 2420 1382 1698 3014 2982 3210 1008 1710 2183 2359 800 727 1020 2863 3275 4241 993
3585 2300 1208 4370 3585 513 639 376 4913 721 4768 2713 1462 2795 163 2167 2679 1020 1893 4787
1030 2450 1627 4171 1751 4289 3894 3712 767 3575 2516 243 3667 3969 4768 3455 3813 1132 376 2655
2821 4843 1322 3265 778 4901 1084 2411 94 2129 3045 3045 4393 135 463 2299 262 407 108 193
4004 4991 1449 1808 1865 671 4356 1095 3459 1986 3773 4616 912 3465 2420 1364 2566 4211 4984 1464
3585 3364 256 2540 1584 1533 2230 2368 293 994 1192 2157 3465 3403 4941 2126 3396 4345 1305 1081
195 2821 4678 353 2007 4971 1201 804 4852 3509 40 3307 2297 353 4162 2569 1495 1365 4724 2094
1728 4004 2127 847 3043 4053 782 1447 4561 3703 2287 4345 2161 1993 3810 4238 237 754 1200 2299
2257 3172 3727 577 3047 3632 124 4345 291 1339 1227 1481 573 4566 2550 3914 3336 976 2359 291
2878 1223 3648 4754 1438 3585 2981 162 4373 1284 3411 3486 1438 4005 2930 286 1783 2368 2480 239
1410 1612 823 1268 3496 3489 2315 2229 3105 2907 2536 1008 4840 1123 3952 2331 1980 653 754 842
1871 1767 3275 3634 710 635 3093 3869 4726 1024 1913 2609 3543 2182 2746 1583 4636 4999 3478 3047
170 1030 4200 4545 4420 4220 302 4636 827 2757 1991 135 4298 375 1529 3724 1135 4553 1360 256
4991 3829 3015 4841 207 1875 782 2129 4863 1150 1873 305 262 3178 3073 145 2542 4840 671 2176
402 4537 1253 2536 1778 3222 1281 339 823 2979 782 4393 1716 4540 3078 4752 1464 3099 2725 2856
1030 4735 4227 4601 3740 4289 3461 560 3861 4073 4321 4776 3740 1656 1512 4214 4154 4116 3093 4765
74 755 4015 3805 181 2489 1479 2185 2915 291 4514 3624 1034 1045 358 2536 3619 2401 1430 4392
2412 1865 4373 1231 1812 331 2805 2559 2690 2555 1762 2306 428 2697 3043 1382 1088 436 3976 12
2137 159 3562 4319 2111 4776 4815 3914 4227 4638 2821 2650 842 2689 4863 2119 4991 3759 4589 4132
3585 1291 4089 2186 4447 947 2464 3914 2904 3706 4884 1291 1863 2004 4154 1907 1769 2610 381 1972
3668 4437 3706 4855 1778 2393 2633 4633 3542 799 2004 2384 4439 2650 4625 2097 1256 1749 49 2706
2762 1117 3585 1788 2359 2973 3619 4936 496 4566 4941 4017 1437 2678 2650 2208 700 2821 256 3612
3585 3510 1755 1410 801 4070 628 1469 3648 4652 2536 3709 4583 2112 2286 3969 2430 3648 2129 2190
224 2418 2265 585 705 4062 1435 2464 4977 3914 4411 1448 3759 457 236 2202 4237 4426 1656 1034
2821 1490 1263 4628 3021 1656 781 3465 4779 302 1323 3674 3774 3914 3603 4091 3758 1159 520 1382
1572 639 4764 2795 4021 2031 2248 1937 3073 1760 3585 4989 1117 3914 1520 2050 2030 1958 3724 738
812 1729 3043 3952 863 4480 4624 2411 543 251 4329 2012 2611 4281 1771 1739 3298 1298 419 2100
1497 1418 1463 4675 320 2806 1231 2845 3984 4029 3514 3927 437 3230 657 4991 3551 4479 3910 293
1865 3010 2101 3824 3512 2970 3046 2359 2362 3925 4185 527 1529 2778 3914 352 686 1325 3450 848
2878 4384 3336 794 204 4933 436 2492 1375 949 1331 1100 4154 220 813 3011 3045 3029 3914 2964
221 232 603 2240 4677 4066 4557 4684 831 2933 4540 4678 920 4077 1879 1148 1947 4260 3136 4178
1224 177 3674 2071 3967 1750 4684 3511 2185 145 1279 440 4088 2821 4511 2987 591 4741 319 2619
2294 1692 1646 2645 1692 4937 4321 2582 1739 3011 291 4035 2787 3313 3306 682 1148 307 2973 3409
3551 2446 1073 2619 755 138 4727 1716 3231 4227 94 1223 2999 1769 4828 2836 2626 2821 4752 4053
3469 3948 3461 4727 1751 1085 3896 2176 3095 114 543 3773 2821 3495 559 159 639 2377 3716 4140
204 1925 4917 251 3773 855 2789 4540 1004 3864 4284 1850 2067 1447 2609 3151 4141 763 1807 588
4377 4493 2190 2335 2749 1368 1656 306 2278 2331 3982 2987 2989 3712 3511 4954 2821 4546 2280 2644
1095 1561 2337 3831 2887 850 2318 2294 185 4426 1644 2052 2670 2821 23 1902 2396 29 162 4554
2592 3712 2007 1939 3651 779 2592 2961 1961 4438 1355 4705 2322 2007 3662 947 2465 3981 1781 682
4627 402 4989 4240 1386 3593 1508 4638 1509 4396 1493 3914 120 2939 1355 622 1223 2069 2331 3282
3585 3621 4542 45 2076 4154 4638 3047 2031 2379 3637 2280 4684 3758 4307 3495 67 3973 1495 3627
2821 1217 4535 2359 3856 595 1375 2280 4692 820 1810 1341 3585 436 124 4478 135 11 1254 4809
2874 2278 3914 3712 1847 3675 1224 2630 3081 1096 2229 2722 3465 4289 3368 2604 4520 2689 638 2393
2611 3726 597 4434 1820 1873 4540 990 2119 890 4535 3287 124 3093 1105 3403 2973 53 4506 1582
4991 4641 302 2938 4162 4635 1482 2169 1506 1493 3914 3867 3339 573 3047 4866 2841 232 3640 3336
3668 2592 3948 2089 920 4541 1845 1618 2767 293 178 2188 1107 467 3052 1366 4267 232 491 4511
3125 4952 1231 2097 1188 2869 1636 1186 1385 4583 4959 3375 2986 1656 3155 2464 1769 2401 4154 1841
2050 3712 1739 1447 236 2411 1832 2331 2160 3637 3609 1808 4412 1339 4235 1388 2331 3459 755 841
2483 1188 2611 3347 1991 2286 233 478 162 3585 2266 3712 4306 4540 4150 4526 2004 2999 4209 2374
3780 2806 1509 1875 1155 2086 1161 1824 799 2703 18 4991 1388 2690 4705 2973 393 1075 2701 1162
2132 3696 2768 4424 4593 1020 2536 4340 4616 530 3747 218 4162 4768 3217 4798 2280 207 818 2380
259 2016 490 603 2746 4511 3651 3258 4345 266 527 256 3529 1026 2271 1528 4540 2004 307 2372
1583 3809 291 4958 1452 1895 4561 4771 2001 3101 1464 3861 4989 3837 4863 4872 3073 2030 1323 782
4991 1117 4529 2717 1120 2449 799 934 4541 1382 2781 1709 392 3712 1650 1331 3998 1656 3914 1572
2592 2760 2100 3405 4439 1068 489 3360 3914 3347 3632 1211 2465 1390 4393 2411 818 755 2378 1201
259 1641 2119 230 2480 2609 3172 4604 1783 3925 3497 2516 3402 4652 2973 4020 1221 3914 3602 1188
1505 3073 4084 3254 32 1816 493 4631 2401 559 88 3619 232 1306 2536 331 635 4840 2859 173
1217 3086 823 3167 2965 2331 3505 3559 4752 3780 284 3084 3577 3511 3493 979 3973 868 2550 3329
3420 2742 3088 2100 863 1464 639 4989 4085 955 4859 2031 3626 800 1389 3712 559 2821 3424 3740
4991 4187 4756 293 799 1782 4671 3427 1705 1752 2629 1656 3716 3261 371 3585 4318 3076 1355 1940
2592 4959 256 903 4908 765 2372 2050 94 4540 2031 4822 4991 402 2975 1829 897 2514 4601 4089
1231 4991 3465 3337 3461 893 3706 4069 4393 4514 1927 1820 166 4689 3664 1317 2550 3508 507 2821
4493 1427 3864 4788 4719 4214 573 4411 2559 3060 4991 4254 1838 1126 1056 4991 4039 1931 4029 381
1521 1875 1201 2464 1281 4675 3436 4400 3155 3619 3330 173 4778 2821 3184 4778 1816 4685 1908 45
2640 1449 3916 4509 2026 2052 1670 3101 1879 4122 1499 3472 3585 2145 3973 4684 291 527 1500 1877
1224 2641 1752 1340 1452 2388 3914 3829 3336 1700 3189 4698 3172 4502 2190 3861 3593 2331 3132 2650
1224 1739 411 2749 671 3045 3099 2933 3458 671 3214 7 2307 1820 3568 3585 3864 4520 1546 3694
2070 1572 3510 2492 1808 3618 3329 4062 2143 4726 3313 935 4191 3759 4211 4971 4884 2030 3093 2942
1546 3712 4339 2328 1117 3914 88 1755 230 1334 3706 759 3510 4577 4960 2960 1495 776 2939 2375
2796 779 587 257 3886 2492 2933 3532 2516 3624 1117 3461 3619 251 3509 686 3764 4678 1674 3059
1739 1368 2976 1509 3982 4571 2939 2643 1769 4936 1867 4249 3251 1683 525 815 1337 2521 788 2821
1739 1868 4081 1356 237 682 4152 4015 4043 1584 4526 1580 680 3189 3074 1986 4908 2049 1497 4086
1224 2581 2217 2119 3081 3626 4514 4958 727 1692 1183 3478 1879 2142 2936 4170 639 4916 4396 1368
166 1449 1739 94 2456 4542 4813 818 4899 4438 4717 2232 528 954 3969 1749 4492 3578 4240 4021
4663 3585 24 3780 2217 3724 1328 4422 639 838 2004 236 3300 408 654 3251 1869 3389 3997 4814
2976 1213 291 4898 1710 4540 1421 637 2975 4974 4158 3307 2280 3529 3612 782 1676 4952 727 3905
2639 4012 428 1382 3364 256 4989 1859 2765 3203 2249 3710 479 2746 3435 235 2423 2676 207 559
277 4301 1024 1717 3089 4281 3716 236 1726 2141 1781 1736 4537 1504 1090 2689 489 2899 1300 755
3706 320 1812 812 2172 2328 4345 707 1914 766 756 4566 3045 573 1676 4267 2689 2066 1538 3595
1231 777 457 2701 3917 2961 1485 3968 1388 645 3244 629 639 2030 755 1879 2695 2732 1096 521
1095 2931 3901 1524 2089 2411 1739 3585 1079 2659 134 4803 3719 236 1355 2375 1838 4520 452 4766
259 178 1656 1621 2031 874 88 3690 4274 4899 3272 1654 2280 296 2821 2964 1875 3621 1656 785
1224 3914 26 2368 2209 968 1574 2464 3416 4418 1769 1108 1008 4393 2183 2650 1377 1956 2150 2610
1224 3585 124 2480 2265 2157 4971 4952 617 3914 2045 4339 2004 2532 3914 4035 3427 3511 12 634
2592 345 3925 3809 4526 2420 4422 4913 1797 4187 4321 3486 4372 2457 1421 3119 2973 479 2746 4227
1414 1030 2190 2536 3782 4344 2690 392 1785 787 1598 682 2847 4685 2463 4911 4140 4119 917 4307
2581 2317 463 977 1967 812 1755 1701 2450 705 823 1583 2031 3785 3710 2816 682 2480 2581 4101
3109 2874 2550 2039 4932 1842 251 3392 2973 955 3839 2004 3361 3164 3735 1521 3914 1291 4546 2548
2460 4346 4162 1248 2307 205 663 4333 2802 2280 540 1574 968 4889 3396 151 3194 3306 4051 3335
2574 2777 127 1816 1389 639 1675 1533 2317 3511 3585 3562 3706 1034 923 2359 469 682 334 1184
1940 2749 1583 720 463 3914 2464 2094 2307 3864 4362 2964 4511 2973 3706 2250 4438 4154 3917 4943
4924 1572 3706 4727 4323 3914 1341 3782 3626 1449 3914 262 2989 1362 1741 1803 1030 4109 1511 812
2949 2323 2190 256 727 2089 4437 3307 3640 1584 2540 3615 440 94 566 4297 4965 3585 256 1056
4263 1015 4062 2380 1803 3779 747 3366 3747 3224 4345 489 2297 3585 2242 2732 2070 3702 3864 4566
4742 3066 4991 1586 3054 1164 4154 1193 2143 2318 2654 3066 4726 251 3286 1105 162 4739 3364 4091
1224 2746 2039 3961 2746 3917 1739 1584 3287 3471 4991 3052 3431 1683 2031 2714 2031 2393 1291 1460
259 1218 766 4665 3309 162 815 302 3095 1008 1859 1140 1265 3914 2413 331 1086 1495 3040 1127
3458 4052 2331 1509 4449 3666 4889 1644 2516 163 2290 4889 4358 727 3375 4303 3914 1585 3782 4768
506 2803 4403 3621 817 1731 2070 4057 2471 3914 3829 4520 2091 1375 885 682 4062 2746 3309 3495
3585 2209 2961 256 2031 243 468 3739 1196 2821 4542 3693 2165 193 4782 552 2318 295 2126 3619
1231 4289 1382 2280 4283 1123 74 3585 705 4478 2106 4591 173 1684 1947 358 1646 2566 352 1725
3585 2027 2635 1739 2144 705 3914 2280 1382 2697 4415 1116 3465 3534 932 3868 2536 559 2689 4989
259 2489 1875 2209 3918 4540 256 2050 676 2331 4540 4891 525 1552 3730 2551 463 363 890 2094
1231 3364 1335 307 3387 243 1579 3759 1384 3091 1845 4040 2372 3459 4840 3086 1148 4680 755 63
4662 1179 700 2342 1534 1231 2689 1304 26 1008 3721 124 256 4048 3653 1875 2689 785 1584 346
2689 3614 4796 2690 4426 4318 812 1435 2689 4214 331 3754 573 4088 4050 766 631 898 4039 4225
1224 567 4565 1619 4638 52 444 3585 1105 1170 1769 3163 2132 801 2973 663 806 3595 2541 682
3360 1004 1183 2307 4393 3914 527 810 2877 2031 4316 3140 1731 1952 422 4578 4434 2007 1907 2820
1224 2024 2249 98 1716 2870 4775 2060 4665 676 4339 941 3661 4552 2031 2126 1298 2989 3785 1193
1692 125 2872 4479 727 3914 1291 1123 3156 204 3565 4107 4740 4682 2800 1182 3982 4552 238 34
1030 3124 2815 2031 2007 3612 3579 3681 3486 331 2024 3445 2650 1338 2574 4367 1183 4019 3045 727
2592 3835 454 4439 4062 4129 2841 763 88 1751 2234 4290 402 2072 4482 1444 3214 2835 2232 920
4274 4499 815 4937 4682 4811 1491 3432 293 4249 948 2128 959 3278 4566 3014 2002 4052 3450 3541
93 2547 468 3648 500 351 3236 2026 2689 1948 3120 755 3164 1019 428 1832 1251 559 4083 755
2328 3418 2518 256 3376 1117 114 2573 1731 3481 4393 1454 4805 2857 661 2701 4106 2331 1751 2635
4742 1701 1178 2519 2461 1382 2430 4801 221 869 256 2031 4811 4532 303 2492 4289 4252 3120 4162
3585 4782 331 1240 2041 2368 812 61 3011 818 2368 738 1764 3914 4692 2535 2933 1104 2140 3149
2592 2029 4106 820 166 428 4437 2331 4476 3914 1388 812 4365 389 1155 977 2846 3084 1452 2979
2937 2949 1120 2167 3236 1755 262 311 1354 4600 2430 3585 3045 3919 1231 639 2420 766 4005 4866
1699 3511 948 2735 3830 2361 1268 2801 573 2854 2088 4200 1183 3585 1382 1183 1231 1117 2280 2589
13 236 1841 2050 307 4085 3829 559 3101 920 2705 3585 527 550 763 463 362 4782 3754 4441
3585 4439 2841 4393 3089 4752 2340 2987 4989 3709 2589 74 1188 2860 1774 4088 2393 1851 4840 243
2592 4728 4014 3489 2508 1295 778 2611 4107 1041 282 3088 2746 3780 3619 568 3706 4478 4411 4210
2196 615 1117 4191 510 2979 2908 2979 4730 1755 639 1008 2125 4154 4154 2453 4752 1831 2031 3398
1414 2803 2129 205 3461 2393 1272 1760 4964 1838 3058 298 3467 3914 3465 4484 2102 4801 4772 2525
2167 754 3468 331 791 207 3754 2689 2973 4152 1182 3033 2372 2615 4778 256 4438 2621 2305 4359
23 2933 4834 66 1188 2317 4566 256 3914 4227 44 3914 727 3093 2536 2516 1375 73 307 4541
4991 1907 343 2697 2505 2420 2676 4947 1170 2450 166 3725 4985 3785 230 368 3643 4478 2536 4752
1462 4179 4905 186 4582 4150 293 2975 2679 410 4165 4484 3927 4482 3328 1380 3761 1337 4631 1687
3916 4941 1168 121 1842 3606 2689 1584 2821 3923 3088 266 3427 3861 1850 4771 1939 3648 4318 88
3084 3403 256 2050 2154 3392 4971 236 4811 2787 3564 2331 2870 3640 3093 4114 3261 4726 1704 3585
3469 1251 2592 4514 1384 682 2821 3178 2821 591 4421 296 2695 3354 4222 527 4566 4638 2402 3612
191 1189 2000 3585 4240 2933 3471 3861 2947 1464 2933 1375 331 4622 251 1879 1388 1749 3033 2781
2592 4991 3706 1135 3712 4434 591 1154 1355 4035 2709 573 2749 3154 2968 4091 2300 4625 4943 3447
3132 2129 3703 4991 4890 4318 4282 2114 3640 504 1155 3483 2508 4241 192 3593 465 3648 4392 1658
323 4989 4070 385 4062 1291 1716 2039 782 1577 1185 1153 4989 3159 3712 4166 3264 4214 987 116
4673 2821 641 497 2821 4822 2961 1421 4715 2619 2594 3709 1213 3236 527 1482 4603 3178 396 1996
3853 2737 2719 755 2209 2240 847 3706 3461 4672 1088 2786 4752 3640 3455 1382 2420 3061 3461 3519
1925 2460 162 2918 256 1223 4070 2904 3968 391 2030 755 1739 1986 3914 2992 1260 2536 3224 2480
3264 4088 2278 3778 1755 4439 2209 1838 3706 1135 344 2603 4940 1041 3759 1217 3251 4764 2411 4029
3585 3436 2281 3585 440 2492 4466 1030 221 1781 3914 2480 463 311 1288 3927 1480 3545 4345 3280
3551 2959 2401 766 4290 2280 4300 3781 3917 1253 3709 2637 2629 841 4239 818 847 1642 607 467
1224 4991 4600 2441 2854 4333 3066 4159 3004 165 2208 2384 3325 351 3914 3309 2078 2848 2494 4001
411 307 933 4289 3648 3251 4333 4219 3199 4031 3270 1656 2351 4540 2747 1073 3956 4840 3914 1927
4742 2278 747 3914 4277 3502 976 554 2190 3336 2979 1732 243 4682 2841 3952 3294 1083 3011 3495
3585 230 204 1375 1184 2536 344 3455 230 34 3427 3712 2508 224 8 3927 1168 440 847 60
2689 3326 812 80 2806 336 1732 554 4194 682 2875 4684 1495 3293 3078 558 23 1046 2183 49
4742 3975 4991 3132 1879 4249 3911 4187 2743 995 1597 326 1231 2190 1495 2979 1832 332 2770 2183
1497 1820 928 1008 1986 1665 1176 1478 755 4566 3585 1389 3829 2457 232 2609 2527 2487 2278 754
3585 2183 4151 4154 1180 94 3467 3953 4889 4938 2773 4329 769 1364 3930 4715 512 2821 4616 1728
4238 4680 3952 542 4636 3263 3914 3862 4066 4652 2536 806 4329 920 4187 4709 256 2492 3719 1912
2821 4319 747 267 4719 3986 4675 1268 3829 4479 2489 785 1656 2793 4778 1391 3336 4345 1140 3144
3854 2492 671 3805 4991 2030 2536 3045 384 4260 3619 4214 2705 4290 4636 4438 1892 1231 977 17
2585 3651 1808 3894 3097 2492 2295 2322 551 3861 850 2604 2212 1784 1716 3471 2367 428 2047 4815
1178 3511 4801 3755 4540 1495 1751 4434 1146 3851 124 2031 2361 4386 682 4678 2821 2004 1268 1135
3585 4211 135 1646 4148 1162 1499 2086 3943 4435 1739 2581 3648 1451 23 186 862 3914 1223 4183
2592 1597 2328 607 727 1847 3719 3522 567 24 1224 2756 3461 548 45 248 1733 3991 3550 230
2592 3651 8 2031 3705 1304 528 2564 3739 2376 4240 2737 2372 1769 4345 4070 3724 2337 3626 3760
331 4742 1670 3264 138 705 493 3973 61 682 2959 3914 4101 1924 3261 178 1120 3914 4952 1637
2976 1004 2775 2331 3618 4004 2773 1375 2508 639 3436 4984 1339 755 2535 738 3203 3648 2682 1462
812 1034 4840 3796 1447 1518 1859 2165 4580 3301 1374 1008 169 2492 53 4902 2280 4694 722 661
256 236 2922 3461 3218 1201 428 1117 2031 1560 1231 1879 4393 941 2551 4016 3894 799 920 114
3916 244 2830 351 4106 1716 57 4579 1705 3973 3715 4583 45 4451 1196 3577 2830 3946 4695 1972
1117 1291 2340 230 426 2961 1145 551 4214 603 3585 1045 3307 552 1088 3500 2489 801 2536 4872
3084 3712 2973 2004 2961 11 702 4836 2817 1841 4900 4511 3093 4235 2128 4309 2933 2330 4198 2480
1224 204 1497 3112 162 3909 3724 1146 897 3785 4678 4494 1656 2919 1396 2395 695 2049 4574 4971
3189 2976 463 3326 3593 2609 205 2120 2002 3914 3224 3340 3914 2635 4183 2401 3638 2099 4991 4260
2441 2075 235 463 2026 4422 2954 3416 4616 4651 1961 3255 276 503 1580 2784 240 1269 331 2968
3585 634 3411 3623 4647 1222 3939 3378 1414 4540 1117 779 4983 3047 2031 173 2753 3509 2697 3296
3585 205 2551 1291 3149 2094 1079 1004 1705 3623 2689 4715 559 3486 2697 256 2554 4526 4778 4385
440 1030 1104 2215 2359 2050 1328 4672 2942 3029 4782 2536 2492 1168 352 2609 2492 3306 3529 463
1224 2317 2472 2477 3178 3144 773 4085 1464 1769 1003 1117 2565 4952 2574 4929 1803 1872 116 2810
4991 4991 402 3521 3820 33 3435 2290 3706 44 2377 1188 2121 1739 3505 2999 590 3003 4125 4211
2039 1532 3759 3073 4179 3103 527 4952 4478 1970 1948 2280 469 4971 671 3435 1027 2536 3958 1030
2592 1133 3823 256 2938 527 4422 3984 1355 2596 1617 2372 4566 4763 4424 3706 2821 2464 223 4550
2385 4678 114 1584 1104 2193 2031 2719 898 3416 2933 1724 4162 463 3465 757 4929 99 1179 1969
1875 550 1796 114 2116 1951 3251 2701 457 1584 3178 897 242 3465 4497 4122 2441 1583 3031 411
3585 1739 707 4439 2870 1188 181 607 2424 1248 1639 3480 3361 3052 922 1657 4675 4214 1376 793
1659 2176 1375 2278 159 3648 3706 2050 4523 2031 1739 256 4959 463 1421 1477 1131 2725 3640 4022
3551 4319 3411 3643 53 1781 1785 4086 1157 2377 2873 291 4802 336 3747 3104 3681 1321 1206 4485
3744 256 3336 195 976 3483 1497 3646 1165 4847 1751 298 2963 2031 2209 324 2635 2220 4537 249
259 3914 4393 933 4339 2765 1580 191 3568 1495 3511 3088 124 3093 3045 1751 2012 173 2592 2145
1699 1181 2536 3754 1850 3088 4583 394 2821 2929 778 3005 4770 2190 1248 1179 3991 4523 3758 1304
4020 3585 1135 2097 4750 1280 4073 3074 3739 1530 4028 3720 755 763 4424 4566 1908 1860 468 2894
1397 3716 3510 4168 4542 4511 1362 331 4877 4540 3073 4010 442 2709 151 3984 1726 502 4541 3217
4542 1004 3585 3194 3058 876 2610 3959 324 2217 1730 4768 4519 4625 2973 461 1177 2857 1724 2177
812 4561 26 307 489 284 4814 4148 4815 2621 4638 3183 2863 345 4652 2536 2973 2912 4727 2280
259 3243 1117 3585 1231 4400 3061 3294 827 3291 2272 705 4744 24 4501 215 296 2540 1986 3712
436 2843 3510 4798 36 1175 2597 3785 4674 1592 4906 1321 2153 793 2746 2541 2669 3325 2083 4841
3744 4992 3706 256 727 1497 1153 814 2375 3547 1739 1838 266 2938 124 2518 3711 757 1268 2372
2821 1141 436 1030 2278 4552 2817 4154 428 4638 4272 256 1295 778 2670 436 4119 3643 4086 1334
2379 4263 3376 1342 4101 2933 727 794 2964 368 3097 2215 2353 2052 141 3045 2331 785 261 74
