950 2194 4607 4982 3461 1050 4198 4226 4760 2941 1764 4992 1877 683 577 2941 2211 634 1408 3540
2273 2561 1653 1116 501 3410 269 498 1993 500 4035 3731 2036 4588 1084 4555 1257 3285 1382 3894
651 346 3506 1188 2715 1272 1549 2430 1182 4054 350 2785 1521 2603 1877 390 3507 1515 44 971
2439 4663 2301 4462 3795 3899 2992 2951 775 1670 902 3874 3612 2800 1955 595 3998 1688 2422 3668
206 3379 1620 3187 3443 2302 3427 584 4689 3410 314 473 744 4697 3306 900 3294 2120 4859 4908
1115 3293 1432 2345 479 3610 3490 94 1993 1326 4376 1382 3675 2603 160 4588 2877 2791 135 2785
4731 3698 4695 521 4150 1824 2243 2190 2961 2612 1504 317 1961 3829 269 4686 1319 1715 1853 1637
4540 359 3264 867 2662 125 1598 3497 4031 4681 3570 1197 4471 1108 3505 935 780 4662 314 1893
1468 478 4861 2058 2330 4784 73 4562 3291 2178 4287 4292 2135 4633 2572 1654 592 965 950 2735
2253 1275 2978 2581 4226 2820 1955 2183 3174 3491 3982 4475 971 2566 1993 1385 1726 4865 2573 1503
3386 439 2137 4505 4652 3851 957 1931 4902 3829 4929 4670 4378 1875 4204 3865 2183 1801 1995 903
4929 360 360 204 3587 3559 3427 2957 4317 950 1313 763 4394 4123 3138 1001 2442 3187 1198 2745
899 2875 1242 31 4691 3200 4990 2911 2611 3887 3986 4283 3613 1993 3647 1739 3874 1515 2073 3521
4717 118 4557 1642 1254 2942 4488 4365 4721 4736 1623 4007 2822 1528 4389 135 4233 4025 2638 73
2439 823 1814 3972 4010 1117 1150 2474 144 4430 1670 2639 2588 2479 527 1877 4758 655 1513 998
1617 3154 2058 890 2646 2610 4875 2050 499 4916 4076 2976 603 4115 855 4350 2947 3808 3557 3204
1005 4465 63 1923 1543 1035 3204 4782 903 2941 4082 1777 1655 586 4300 2655 950 4486 4292 4226
2139 4168 2956 4085 1877 4528 1877 4528 1877 1877 2303 3276 1350 4264 3774 26 4691 1042 4074 1889
2469 1841 1543 1543 1107 499 2955 4117 26 3542 4365 498 682 3777 4908 922 731 3583 1877 291
1198 378 4365 3178 4076 4406 1690 780 1197 2750 2378 4908 3966 3131 4391 308 3892 4742 1877 4807
4937 3293 4459 3832 1563 4290 2003 736 4838 2541 751 1004 1274 1885 2861 1120 4685 4585 1619 3155
1834 2430 4497 1029 1440 744 4561 3608 1877 3995 1080 2380 1698 2427 4827 4554 3660 4493 1993 3429
740 3306 3093 2444 3643 2785 714 2175 26 3795 2696 4069 2120 3505 1058 1343 2443 796 1872 3046
1786 1247 1785 1004 869 1202 2378 2196 3721 4240 2836 3587 1058 1992 3505 3125 4032 1774 1823 3819
1300 986 4568 2270 3052 3891 4902 3163 2194 3808 4907 3636 4394 4462 2906 2254 220 2676 900 1143
1873 603 3235 1425 2909 1282 1425 2397 4681 3885 253 276 2581 1302 1358 4421 997 44 3070 3746
2505 2657 10 4000 2193 2579 4637 2361 4914 1039 4687 4761 615 2191 3971 4000 1080 4918 1004 1765
3887 1971 4000 1503 1993 3420 4650 2728 4488 4528 2058 534 4936 2037 4999 1961 1200 1503 657 2506
4115 2205 2338 4047 4983 982 3655 1502 4758 4364 4277 4277 2918 1970 3875 2072 2590 3187 3230 1993
2439 1385 917 2734 2344 4483 3612 1130 1877 4628 4739 806 589 3892 1265 1848 66 3840 3832 1630
4929 3559 2945 2732 2365 2140 1426 3498 4588 3301 3334 2442 125 2349 4486 1247 4650 1698 2080 3795
2430 2523 908 3910 4000 3162 3559 135 1361 2349 715 2294 634 4694 416 998 2137 2488 715 4168
1424 2588 776 4932 483 1362 1058 4244 4795 3372 4618 656 4899 4663 501 4891 3756 3229 4689 3820
1618 4853 1303 4623 3958 4573 4742 2338 4999 1861 4535 135 2785 3379 4918 2963 4823 4761 3998 4247
4652 1 44 896 2067 4459 4932 1896 575 1080 1185 1640 38 3998 4226 346 222 2561 1080 3891
4650 4908 2353 4742 1921 1977 3906 997 3882 4597 1116 4650 1528 4166 1357 421 3297 1595 3161 3350
3447 761 4955 3802 3862 3570 2527 2100 4817 1786 1839 1232 2957 2140 3489 1877 4280 4915 208 761
1152 4710 4342 634 4389 947 3035 3746 3719 4545 2361 562 3824 3372 952 4932 3861 1774 3892 1659
3324 3452 2735 3272 1992 1877 4156 2642 4156 3874 3875 4471 1220 2790 3187 1495 44 1004 2657 3254
4929 2664 3175 3562 165 4095 1620 1354 4240 4065 3370 3511 3613 1227 2375 44 20 131 2112 2424
2430 659 2837 773 3942 2295 1335 4838 614 998 2349 4837 4376 2735 276 1987 1625 3795 2058 2245
1992 4685 38 371 4983 3063 1111 7 2656 4669 1464 3774 3505 4613 3894 3377 1631 3969 3986 2525
2368 1834 4158 1358 924 1877 678 1899 196 4264 1096 4477 3079 992 4932 896 893 4486 3804 1791
1670 1385 564 917 1452 4915 1690 2185 3932 768 2588 2225 4191 1543 2522 2702 4600 1111 2500 4015
2430 4982 809 1674 2876 2339 807 638 2313 4076 4240 4843 113 903 1523 1080 1785 2413 2708 1093
4259 4067 4125 2844 3213 995 3386 1247 2378 2898 237 4982 164 479 512 1993 863 336 1386 1786
206 4312 1905 3009 44 3432 3291 2065 4710 2373 2570 4770 2457 4062 3191 3491 3648 933 4676 1763
1213 3889 2831 1516 4721 967 2353 2667 135 1235 1992 1877 1877 581 1265 4156 308 625 2022 2790
4195 3998 234 4791 3112 3115 3589 3927 1774 1247 3720 3517 2176 2271 2576 3099 1058 4264 1848 4059
3428 2796 1311 2316 308 4706 308 2943 4189 1213 4002 3264 3444 1371 809 2222 1497 3238 1503 1606
114 1944 122 600 398 4982 4752 3559 4902 4866 2308 3838 3639 1499 761 2439 166 3046 1468 3673
3410 1855 863 3071 1096 2927 3227 1782 1899 1121 460 3891 3664 4528 1211 1872 2494 2316 3664 301
4891 2929 4099 3808 58 581 4226 521 3356 1853 2073 529 802 499 3439 3977 2626 2078 118 474
1427 2716 4372 3764 935 118 1768 3795 939 3891 253 4072 584 429 4476 93 4277 3746 867 1040
4592 2945 2158 1442 2791 367 4000 4670 26 1922 396 526 1173 4303 4202 3706 1432 135 4756 3782
2561 4932 1116 3712 3827 3520 2333 185 1899 2202 3646 4064 194 1210 1877 628 622 909 4766 3927
3134 1889 4816 998 4059 2579 499 3271 3456 3703 484 2282 4929 2822 460 1039 256 1765 4071 1861
4637 4000 2226 460 3420 1130 3535 179 194 2572 714 4476 866 2961 714 3252 135 1549 1096 2667
3264 1992 2214 875 592 2216 95 4880 1785 2464 685 4389 2142 1921 3205 2748 4156 751 957 729
4240 3951 4736 2180 1618 1877 4588 3824 136 3858 1478 1261 1115 1921 4663 1512 752 1848 1365 4563
2439 540 1058 745 2824 2767 3485 2651 1888 1312 3795 3401 4189 2791 271 805 4069 2936 2485 299
2322 4636 4156 3875 4156 908 1893 1239 4486 872 1452 3635 596 2430 868 1257 2058 3765 4493 1768
2958 4080 4953 2461 682 3777 1289 1058 1004 3043 3998 3830 2304 2957 1931 193 2133 3342 3129 4421
1896 4657 136 4348 4233 2191 4565 1074 1171 1206 1170 4089 37 885 1503 1502 3147 2443 467 4115
1563 1690 2913 21 1025 1923 3892 595 1849 514 4404 2586 2562 155 3486 2292 4799 1135 3339 3779
4047 3410 948 856 2511 429 1470 2375 1704 81 190 627 4011 596 4784 595 2957 3587 4933 1317
1594 896 773 4317 1934 360 20 2119 1987 2304 4950 3887 4670 866 3612 2041 4219 4671 2072 1342
4976 2237 3378 3273 4965 363 3564 2789 4691 3168 465 714 3484 3359 1711 465 4459 2459 2652 1982
2711 1893 4229 503 4959 3483 2311 4000 514 44 4364 499 1753 2650 4200 2295 898 1247 4571 2829
3431 1589 1763 1877 3583 1302 4604 2338 585 4221 682 3101 714 3382 1809 4412 2905 1489 1811 3476
1197 1470 2060 1822 4999 4830 3777 2435 529 1517 1768 1875 1029 634 4240 202 177 3275 1432 2226
2439 2638 2195 4143 4752 2154 3795 4264 1848 3403 4341 26 344 4569 1152 4493 3712 4130 3099 3035
1181 1998 4744 3224 1659 1161 2295 827 970 3523 4230 3443 3909 4982 2368 3108 1877 623 1117 2422
718 2119 2732 3581 4058 2728 1428 342 4042 3514 308 135 4514 3814 4734 908 3906 2271 4891 4379
3695 521 2134 3587 4154 4809 4727 2058 1182 4142 3782 4389 2920 648 4464 1247 896 4341 3996 634
3200 3138 2359 3988 4853 2358 3174 194 1877 3639 3386 3559 2785 2361 3643 749 4742 2785 552 4822
4351 96 4000 3313 4264 2058 2512 867 4229 2696 2228 1708 62 4808 2424 4459 4932 2188 1608 3505
4669 3452 1781 594 564 4865 3296 2636 1040 627 2553 4100 1042 4676 2561 2710 3200 2134 4810 1354
2329 3348 4794 25 2892 4368 3204 3100 1123 1454 1358 4427 3149 3922 4623 912 1840 1594 957 385
777 4663 269 1810 4166 4731 4400 4421 3003 2481 867 1955 2839 4324 855 2808 1083 2638 627 2638
1402 4972 1640 1848 4982 3005 1269 1377 691 2507 3995 1823 4676 4828 317 959 2353 4919 3871 3218
1197 2642 2271 4886 3719 2349 4128 3972 1455 1083 3712 863 2789 4680 1546 3774 4820 1521 998 4650
4937 499 4936 2244 627 2445 4865 3808 1792 4903 3103 1834 1505 1515 2265 1737 2134 3083 4459 1517
1928 718 2477 2962 1438 3922 3337 628 799 1214 2439 3019 3416 1111 3131 922 135 663 2308 17
2678 3008 3456 4908 3990 2544 4716 4144 3350 4237 2962 896 4474 4671 1666 2120 4062 904 3998 1587
2062 547 4212 3606 3945 136 1080 1992 1499 3580 4545 4129 896 4266 1080 4486 2348 2211 3777 3483
4724 1834 3403 234 3296 2219 4999 4742 2116 1391 1580 384 308 4706 4823 2435 950 3229 4290 897
190 4115 924 4000 3115 2482 3218 4023 3587 3444 2566 3015 305 596 1040 4476 108 1522 3015 1639
838 594 4995 3485 1165 522 2173 4079 2072 1011 1781 3223 1285 3644 612 3364 3795 2194 3814 1893
1197 3421 4221 1955 1333 4206 3204 936 4795 2109 2422 2223 3275 3502 1354 909 1240 2790 2100 2941
190 2542 202 1921 863 3559 532 2937 4476 4020 4522 2175 2188 4907 2349 896 1853 993 529 3559
2042 3825 1377 998 346 4807 2067 135 1884 2715 3623 365 4080 4770 3832 2424 357 3510 4982 2640
2430 346 3960 178 73 2870 1383 2271 570 634 3224 2943 441 1402 581 1877 1419 1197 4604 355
1271 1858 3887 220 2068 4224 1993 3795 712 2559 2733 4799 2531 2526 1642 2772 742 4711 135 3889
950 1503 136 4397 1880 796 1210 2754 463 3229 2239 2459 900 259 2633 4696 2349 2349 4686 602
3502 4047 1232 1503 1971 1247 2544 870 155 2399 3616 2727 997 4772 3379 3019 4512 3605 4892 1791
4240 3891 2459 1385 269 360 1834 2598 3138 3405 2459 2185 3022 3892 1425 3174 2213 2353 2808 4133
2716 3303 1040 2819 3009 735 4770 4659 4872 3487 51 3084 135 896 1116 3795 21 2917 182 1768
594 1709 4445 1761 3699 570 4856 44 2961 3795 4168 779 559 1112 417 4604 2344 3375 2676 3217
1115 4166 4873 4283 1004 2112 2270 3330 819 1577 638 2208 644 1282 1877 4807 2561 685 383 1470
1197 465 2348 802 3070 1957 1229 3157 4573 1968 2379 293 1358 3324 2592 2774 4943 896 4000 4932
4540 3103 3587 1893 3103 1627 4156 692 3851 2175 4000 2251 1781 4263 4422 803 4753 838 4644 568
4132 204 4692 158 3026 128 2068 26 1817 900 4908 4329 1589 1691 135 4982 3128 1541 2163 3270
2483 4742 541 2459 4912 4650 950 2194 937 4995 3298 1650 3311 1042 4933 2225 322 4929 863 819
4100 3064 3621 979 4240 4778 4000 3564 1050 1877 4902 2004 4933 1188 1371 4459 843 2681 3455 1058
2345 3766 1323 405 674 2375 1417 714 1502 806 2194 2485 2310 1774 3388 4783 4769 105 4244 4233
3656 936 1871 164 1877 987 1371 4676 137 4351 4000 702 4135 3894 1261 1707 3510 4676 4181 4758
2178 465 2600 3132 2053 4062 4000 3174 4678 872 644 4156 1809 2717 896 1774 4421 4162 4156 2230
931 4669 668 2053 4663 4292 4326 3334 928 2962 1371 4659 573 4076 950 447 4206 2543 514 3539
2135 2119 2295 2957 4902 3706 3174 1624 474 893 3095 4908 3999 3108 1877 1877 4933 2190 1317 3666
2439 2642 1774 873 2683 2140 4283 2948 1993 4770 4059 634 3922 1828 3922 473 4000 532 4493 4317
484 1739 1036 118 3706 4865 3864 930 903 2983 936 294 3227 4758 398 1515 2636 2861 4246 3757
4637 1247 2084 4756 4613 1342 3204 3443 570 575 2834 714 4459 3348 1698 1412 4605 4341 3929 3764
3695 4589 1543 4362 4046 2519 4168 2934 4908 3386 422 2243 4026 1785 1480 1774 987 3273 829 1888
3174 3776 1776 1435 3627 997 655 366 2839 3209 4493 2058 3764 3591 44 3311 943 3003 4493 2886
2711 2739 4553 4475 2875 4613 4273 2735 2222 4758 4301 4389 2920 3776 3960 3268 2064 4731 253 3486
4142 2676 2226 164 3374 521 3350 896 194 2471 2349 3910 1299 4021 720 3505 2353 4804 1123 3420
2561 3035 1877 1080 3070 360 4671 1481 3521 2101 3586 1056 1763 2787 4345 4794 1650 1618 3559 1313
2439 3042 3523 1523 4908 4076 514 569 2479 2330 4646 2330 3294 615 697 1603 4156 1568 1515 1877
2430 1926 1360 1689 3599 2232 4115 1993 2107 3795 3839 4230 2073 2207 2330 4867 1443 2258 2638 3037
2232 1503 4239 3582 774 4533 4156 2300 3816 2294 1428 3904 1313 4496 200 4494 2353 4476 352 564
2178 1873 1412 4010 3510 3975 4932 2676 1273 2430 4404 135 2180 4465 3053 1655 1263 4264 4376 428
771 3587 4902 359 3961 1313 668 3382 4908 276 3993 3350 1769 1096 2603 3995 3604 1910 112 2567
2178 3870 1229 774 1255 2397 3479 1768 903 3253 2542 364 896 4493 4669 368 647 2941 3543 2676
2430 73 2697 66 2100 4459 56 2742 296 1468 1591 3248 805 396 2353 4881 3403 2822 529 236
2412 2509 1159 1785 1273 4447 564 1503 519 2834 668 817 4999 2308 4910 4676 1452 3795 3218 3022
4929 3386 2078 2236 1004 761 4758 2185 3799 899 4649 4543 2507 4997 2633 542 708 38 271 4486
2643 4742 4853 120 11 3160 3523 3808 3064 2612 2681 3875 2647 1595 1263 2973 3489 225 26 4052
206 273 4156 1058 960 564 4976 922 1384 4285 1655 1404 2260 1119 3404 1059 676 1768 1853 2421
4282 2561 1768 3114 1493 896 4000 1125 3497 1877 2641 4671 926 893 745 2594 1560 4981 3311 1123
1 4310 648 3443 4804 807 4887 2483 1888 2010 2443 1242 4818 2927 4752 4477 52 3795 4023 1845
3832 1673 1699 4937 2810 2378 3838 3998 4851 3338 997 334 2514 1705 4282 337 1435 2503 69 4264
2370 4582 1961 2068 4180 1580 4613 1955 862 668 3848 3946 3175 1165 4749 2822 2120 1957 118 4681
2439 3161 2567 4669 867 1 2735 1697 669 1584 1786 2808 3131 3134 3427 2849 3374 2692 2058 2886
360 2247 3187 950 579 1993 4345 4000 4493 4758 1543 3892 3112 757 2474 1543 1993 1993 1019 2948
120 1788 3340 2824 581 2743 2295 3224 1136 2350 1802 1642 4083 514 1311 1123 3074 2506 1846 530
1856 3072 2459 876 1223 323 317 4000 66 1719 2085 634 1919 4795 3194 4908 3422 3648 2650 135
650 3616 1605 998 1808 3695 4522 3612 3092 3084 4332 1679 1188 1877 650 3635 4061 2744 1023 4000
4724 584 1503 821 2295 3074 171 4202 1589 3103 4965 3892 4806 3041 3330 1439 3587 1114 608 3892
1594 4446 4118 3348 584 189 1080 897 950 2378 2717 3859 2378 4025 2008 4795 208 2078 4000 4653
3431 3799 4415 197 2709 3712 4163 2058 4663 1354 4124 2056 2263 1039 1081 920 21 1265 4827 4967
2247 251 3970 1792 118 4865 1400 2213 3559 4345 3108 2361 3204 1655 4289 2391 4929 1371 1827 1632
3232 1198 393 536 3768 814 73 1833 2375 4799 2642 1232 2876 791 4663 773 4039 1988 4389 1534
3335 3455 4962 4676 2948 1699 2310 3103 521 4156 2908 948 4394 1434 232 1853 4264 3977 1830 1896
4459 4522 2308 3749 2316 514 521 1774 4345 2302 2716 2532 4459 900 3508 13 4673 1991 2642 4565
3113 2945 2135 4467 2375 4652 80 44 640 1785 2228 3959 4681 1090 1515 1982 868 342 780 503
4905 3373 4102 1250 3084 1834 1563 2375 3505 1577 2186 1893 761 957 4912 1002 979 1786 3092 4675
3410 495 3202 4156 2610 4943 410 3295 2263 3496 2010 2955 2257 3050 2349 2349 2100 2227 1435 4196
2430 2831 2705 3737 4929 352 2140 3489 668 4322 4476 4000 3340 4075 827 4518 2941 2348 1255 2070
2430 3842 2957 3204 1009 505 135 875 813 2930 985 2222 1302 4154 338 1877 3814 3204 104 1358
2439 3704 4118 2797 987 1993 4776 1157 136 2191 3502 950 2460 2611 2692 896 1877 1877 429 4476
2430 3446 4965 3830 4059 3798 3505 21 11 3581 1630 4474 3828 817 1934 4751 1050 1582 1418 2377
1239 2265 1586 2714 1991 1489 3204 2185 2028 1004 4493 4266 1357 1763 3350 2579 3587 3307 4924 3417
1402 3187 4861 3799 1506 23 2507 2078 3432 1080 2000 3271 3291 2430 1955 4348 4637 2581 1123 2381
3275 866 579 2876 2638 2735 138 552 2925 4404 1970 3913 1656 1736 2791 4562 592 2892 286 2673
3354 774 1135 4263 3584 3851 4394 1477 4619 900 3032 3927 4505 4999 2385 4325 1035 3031 2715 588
346 2933 1843 4445 896 534 2811 4486 1587 4394 1959 361 4157 92 2131 4459 2005 3283 730 606
2216 1247 4411 2808 2698 234 4169 3086 1412 4999 4058 2709 147 4095 2319 2977 4430 1022 1585 2096
4937 3510 3505 4068 3891 4629 3131 594 2717 2380 2058 4632 49 2226 2399 4663 3467 2430 1160 3044
775 1873 2699 1592 639 1116 618 4615 3203 1074 714 4613 1578 1275 2176 474 634 4676 4486 2430
1967 3828 1992 4877 3505 4891 552 4162 2330 3634 548 2839 634 647 2735 2805 3699 1877 1058 1877
2251 2324 3446 4754 346 4101 3085 273 903 4588 2976 900 508 385 408 135 114 1135 317 3079
1992 3505 4542 987 1993 3975 4277 3223 4396 3144 907 2538 1923 2120 3429 1733 603 2961 3998 1805
3799 2875 2479 552 3765 2652 2993 73 1002 1011 4387 4118 4432 3850 502 308 2338 250 3400 4937
2187 1992 4459 4292 360 1197 889 2434 1877 893 4156 282 1676 1851 2330 4894 572 4156 308 714
3612 2588 3564 978 2145 4456 295 1791 1659 1344 2993 3700 668 3641 3908 351 2230 3630 3727 618
2871 1854 4221 2870 3922 1115 2755 312 4584 521 929 4156 2140 1445 1433 1853 863 3224 4279 3244
2055 4847 194 547 1313 471 924 2137 2527 4653 4889 2018 4373 3658 1630 3738 4505 1135 4585 4752
3882 4244 4000 4445 4156 3486 4545 3507 198 3922 1499 4138 1664 4613 3355 4007 905 1364 4138 2948
702 4597 1877 1877 270 2910 66 896 21 2710 981 3799 4671 4910 118 460 1370 594 2708 1010
1873 2599 2798 2388 4493 1768 3811 3144 2785 2194 1877 1414 2603 3689 2529 4552 4287 4982 2892 2524
2992 4118 2943 2459 2529 4606 2727 3142 3636 4501 4568 4740 2393 2178 1229 682 1102 4253 2673 521
900 2561 6 4536 4171 2636 488 2563 3531 2798 4189 1867 1504 1955 3849 4459 1170 3892 2312 3998
3922 2180 3386 2137 2797 4848 3338 1302 903 2811 2236 2633 1785 2603 135 1302 2485 3081 2120 2413
1594 2430 2205 2343 1182 4717 4211 782 1338 2822 497 3559 1993 2437 1067 3138 3099 308 2022 4107
4047 260 2529 1452 4784 1603 3717 1313 1301 621 619 3950 3829 2638 3951 1451 1549 2027 3594 4752
1197 1179 2188 1214 3484 998 444 964 3559 328 511 729 2831 398 1121 3848 2194 1739 2931 4488
3776 1197 206 3574 2492 1080 3027 3532 1385 4253 2527 3224 3219 498 4052 4283 2655 4163 1213 3077
4292 2811 3882 2588 948 123 889 4700 1360 4389 3838 484 1246 3111 1029 714 2641 2440 163 1914
2178 2676 3966 4164 3187 1177 1511 3131 957 2869 4676 4372 1312 1452 4024 3949 4035 2593 254 4439
2487 4342 998 3871 250 232 153 2495 902 4823 2248 4020 3071 3416 4114 568 3948 2303 2507 3350
1614 4346 4272 2810 3371 1232 1877 2716 4650 957 3230 1786 3079 888 1968 2078 2963 3104 627 4563
2251 4069 2839 207 4932 2621 4195 4999 3270 2248 1135 4002 3264 2035 4156 3673 1608 2050 3479 1653
2439 4918 4195 1211 3218 2957 4325 4365 3168 1074 3217 3807 2020 920 3832 4069 3204 1660 1305 594
2251 4240 2107 2338 4552 1354 3084 3693 889 3830 629 1093 4134 4365 3290 896 534 499 3290 3800
3119 2561 4076 4758 521 317 1237 733 2078 220 4076 3103 1761 2479 3506 1893 234 1042 1880 3675
2709 1380 488 4074 4640 1425 73 4640 581 1265 4138 4 1857 2140 2638 1247 3892 1058 4545 1883
2430 1314 3316 1617 3449 3291 4637 3986 4606 4536 1955 3422 2983 4389 3119 4933 628 6 1119 930
484 4106 2039 4459 1456 3544 3795 1165 889 308 4826 2579 3238 1360 2212 460 4472 2316 2793 1769
1617 3149 2785 4884 2160 4908 4868 803 1893 2728 3619 3350 3218 2527 4705 4272 2993 2316 1360 206
3799 2343 3103 4742 4933 4820 6 3265 4043 898 3676 4404 4217 2479 638 4263 3660 1993 1289 1197
2742 2553 4100 499 3115 4933 3235 1028 308 1774 950 460 1202 2254 4 2638 4040 873 993 1551
2252 1617 2561 3229 4233 2116 530 1080 3074 4559 2526 4967 3204 346 3559 562 4942 3799 2489 3523
2748 1927 2957 177 1135 1859 3605 3795 3891 1940 1925 2109 1978 2627 2232 2377 1813 4115 922 676
2098 4761 2171 4000 1247 4494 4497 3022 3350 3668 998 2054 3252 253 3795 4394 3350 4943 2985 4024
1834 3641 433 4618 2058 4754 4493 1606 3875 4102 4180 3070 274 3610 1515 2931 2427 588 2375 4462
2643 1009 2100 2116 4945 615 4463 437 3653 3350 1916 1221 3311 661 893 21 975 2190 465 1657
3248 4000 1676 3514 1058 3570 3242 1096 653 1993 1289 2798 2005 3910 4476 862 253 1134 2963 2957
3456 4047 1923 715 1955 1955 1327 1483 537 18 3699 3099 2188 1896 3322 2988 2628 1992 1170 3456
3582 3747 4815 1877 3587 2175 2611 3516 3416 2435 849 812 3808 2175 1877 957 3506 2330 2080 1313
667 4932 3337 3584 655 4341 4713 2531 3891 2598 2639 4742 4493 945 1426 1617 4068 135 2671 896
3203 1522 4521 2188 2399 1549 448 4838 186 998 3149 2579 4476 3370 4387 676 3790 3187 4138 2495
360 31 3153 729 2254 2839 2544 4616 950 118 2886 4997 634 1478 1848 2307 3513 4742 910 4000
4275 2090 3699 4000 141 1993 3882 3960 4701 2170 1265 3218 2120 135 1252 1265 2099 1944 1800 1640
3410 663 1247 2507 2735 1577 3841 3486 2326 1785 2638 1377 2845 2140 3481 2822 821 4941 1873 902
4319 4459 1785 2603 2507 3804 4222 4045 2963 4156 3272 3072 700 2642 1644 2530 2119 1424 1971 4224
2264 2461 1402 875 4932 896 2067 4162 3506 2996 2638 61 1877 3639 1877 2640 1080 857 1877 590
4032 86 4637 2945 1247 1899 2349 198 2111 2271 2865 2254 3604 2100 4258 4202 4459 439 4011 3839
4855 822 736 1877 3931 1877 4637 4933 3838 4277 3855 1629 4235 1587 4226 2650 2212 4596 1561 4660
4523 1877 1114 308 2495 241 985 2566 1065 1695 2865 4851 2099 4059 4347 1690 2977 2993 4376 3079
4371 612 3851 896 1923 2120 4446 873 1172 3217 2855 346 3203 1993 4156 3350 896 1877 187 0
4838 2245 3469 1788 3140 240 1992 4156 3969 2754 4932 896 3350 2194 1313 4095 627 1354 2295 2735
2176 2430 3377 1255 2457 299 3125 3954 4493 1170 1958 4761 4476 1183 4287 133 2125 4476 736 2324
1402 1580 1394 3269 1730 1888 4412 4758 2143 197 4191 4345 3141 998 3686 1379 564 4396 357 136
2487 460 26 2516 2073 452 2777 2785 3252 715 3608 122 21 4853 2543 4849 3034 188 3870 2048
4669 3409 2748 2839 584 2046 2213 924 2676 2566 4663 407 4488 2992 1877 615 1956 1597 4192 4545
2029 1377 1944 1955 922 1327 4000 1788 1170 2454 1116 799 791 1740 3431 2295 3041 2629 2638 1878
473 4631 1397 4732 2023 1385 1893 2349 2361 1126 3795 2058 4639 2865 4941 4865 3505 21 3655 4613
3341 4118 3108 1877 1486 4761 2072 4240 2190 4752 2368 3616 1261 1115 825 3699 1362 749 4424 443
4413 4686 338 1443 360 3969 147 3187 427 1489 3221 3870 4823 385 1358 1903 3892 3084 308 2405
285 2188 3434 3173 807 2292 1993 1265 922 2638 925 1164 915 3361 114 3624 2706 3265 2810 2638
1818 896 1563 2444 939 4933 2576 4830 1247 4365 2834 1357 2450 1993 1689 4647 1958 588 4082 79
2218 4742 4994 3410 465 948 4735 4220 4640 3995 1880 1823 1360 4341 4118 3107 194 1988 2507 3489
1522 4391 3967 2625 3732 1683 1587 3411 276 1543 4782 4065 2175 893 3236 2530 700 3760 572 1412
2439 4950 1043 1496 2394 1907 2561 1080 3998 2058 4693 2265 4892 2627 4671 263 3127 4264 1520 2836
2348 3431 468 3490 3022 4695 4543 1322 448 3079 3095 4820 4669 570 2949 4652 2175 395 4937 135
1279 637 922 1197 2439 2820 1659 4761 1853 4637 2203 4675 2588 4929 4836 4522 3581 870 401 4010
2945 465 2064 594 1135 177 98 4457 3270 2767 2422 2750 2175 2188 3713 269 1723 3625 651 378
2178 2595 501 4853 1191 2107 1498 3939 1574 4976 1121 1468 3727 4902 1188 4244 135 967 4289 2405
2222 3621 2443 3346 2194 4752 3159 2107 1877 2693 3891 3795 1585 1796 1971 1877 1017 1371 4436 2218
1857 433 3580 2557 3217 2422 3375 308 3083 3422 4102 998 4220 107 1893 954 1763 3702 311 2064
2178 1873 4269 3808 4269 3922 4742 425 2489 1043 4000 4861 3892 3112 3324 1848 1025 4936 2048 4229
4872 3515 3986 1754 4279 3457 924 896 4522 476 4459 1517 4976 3832 3003 1312 896 2271 1499 2822
2696 2496 2910 3104 3185 607 1415 3099 1097 2208 3891 2025 774 1549 1496 1804 4446 3910 2316 514
1557 4623 4794 950 935 82 594 4995 405 4369 4836 1600 4117 3103 1280 2993 3505 3864 3727 2638
908 3794 2295 4115 4037 421 4226 4046 4264 2369 1927 3348 2957 4325 2100 2798 2391 867 1404 3403
3641 897 1893 3828 2430 2642 2307 3583 529 4657 774 896 3022 388 2208 871 3695 4149 3400 2281
4365 4869 3474 2529 2827 4476 2073 1549 4990 1774 3026 526 4148 3262 1058 1654 547 3218 1661 2378
581 1953 717 998 1354 2882 2993 4075 3360 2673 3643 185 1489 1164 361 4185 3310 2755 612 2109
2652 1113 4357 4391 4591 2735 2822 220 1653 2072 4509 903 4142 2100 182 2152 1999 389 736 2036
1445 1424 2450 2943 655 2976 4866 2791 3910 2505 1877 3882 1670 584 4493 2151 2304 4595 3684 3929
1618 936 3559 2617 4909 3981 718 663 4198 702 4280 3229 1620 1354 4011 4907 1587 2123 1927 4456
4382 1162 4844 4122 2010 135 2295 2875 639 2893 4472 2349 2974 39 3388 2819 799 521 3296 2972
2748 2608 3249 4212 655 4033 96 1133 2561 1361 1704 1393 2303 2035 2380 133 4000 4941 1877 714
936 822 584 4933 3272 3680 3218 2500 896 4462 95 6 2137 1116 3710 4691 574 1557 3311 1877
4220 2131 4117 629 2251 4982 1598 1644 1813 1385 3808 3814 4359 2633 1354 2856 2270 1970 4765 4106
775 4389 3668 2929 3523 96 1704 714 1877 4758 1279 2380 2695 628 4483 3099 1020 1184 2185 2116
1992 4657 1853 1832 2748 4459 4982 2588 3461 3559 4867 4024 3386 4162 2070 1551 1604 164 442 4916
936 4059 591 1582 2205 4000 903 4000 543 2212 2603 4658 4000 2599 745 101 1543 2692 3079 4933
1928 3774 3412 1616 2509 234 572 2201 3688 1302 1139 915 2642 1126 4827 3291 1543 775 1683 3505
208 2133 2992 3230 1786 4389 1042 4117 3943 640 4657 2378 3496 4000 2175 4459 2294 4048 346 4650
4891 3425 2773 4074 4805 358 2058 360 4240 4332 4279 3174 3655 491 3587 2544 3296 3026 3894 3893
433 718 987 360 3641 178 3138 1993 2948 1803 1146 4266 2173 4522 3706 633 1353 171 308 4867
2961 2194 1992 1417 2517 4333 342 1179 4647 3187 3129 396 1188 330 4782 903 136 2320 2684 1360
2718 2202 1313 966 288 2791 4999 2623 3234 3673 1499 939 4943 63 4156 1591 1877 3204 3598 253
3282 166 4233 998 2818 562 4283 4107 638 987 4604 2791 1080 1654 3587 3557 4241 1 1992 1313
2316 1417 4861 3788 2323 4797 3066 1786 3112 735 2593 3129 3324 4929 4902 1437 2325 1781 2633 3142
1238 2824 1242 2226 3205 1923 3892 2920 2070 2471 1768 2507 3939 3709 570 3889 596 2941 350 957
2743 3386 1452 3995 4746 4856 655 1993 3032 3795 4792 308 3534 2485 4414 1071 867 4913 4817 222
720 959 465 3900 3746 1496 3910 714 4817 3570 4156 565 708 1759 1443 3131 717 3802 4551 584
4724 1340 4226 1674 3559 135 437 3241 1229 196 3085 4170 584 2668 3019 2712 3732 1353 1786 4464
4478 3079 3346 3544 4932 3100 1214 4626 4476 2511 3602 3138 3371 920 3570 3777 1428 552 2375 3098
2871 4929 2037 3079 345 276 1426 638 577 1202 615 776 1279 4742 4853 1326 1768 4000 2094 4459
4104 154 114 1134 3868 745 714 1992 3505 865 4277 1187 1255 3295 4563 1877 3154 3227 4902 3829
4047 393 714 522 2735 3505 1455 2022 2415 4739 2847 4878 3795 4148 1228 1994 2637 322 4365 370
4836 2072 3108 3204 3521 3204 2566 2957 2008 2178 579 950 1170 541 136 4995 4866 1212 2142 2681
2439 4030 2671 4843 4841 135 1080 595 61 1247 1549 4506 3942 1228 3773 2316 2777 2748 2839 715
1198 3365 4325 3163 4459 4156 4389 4571 981 2661 114 3595 4837 1704 2844 2301 956 1182 2930 1503
1658 2459 4212 3732 4074 3037 1537 2603 2270 2716 2810 1785 1337 1843 4576 439 702 3560 1595 4182
3174 2430 736 1170 782 4423 2204 2837 3583 3070 4638 206 611 3719 4135 1853 1708 57 1953 42
975 4076 2265 4681 924 3321 2073 26 4051 3795 3370 2451 4999 4342 1267 588 2771 2330 521 4519
3431 2263 3578 2109 3123 4621 2143 4000 1894 1971 896 3822 774 1311 1433 4681 2869 1897 970 912
2439 1848 867 2161 2600 3400 751 501 3227 2567 857 1877 1954 3008 4343 1954 3960 3250 668 1600
900 2203 4292 3649 258 2887 4604 2400 334 141 472 4680 3121 1275 957 4488 937 337 206 1814
594 1699 2748 1743 3283 1993 1265 3764 234 2839 196 1921 1098 896 896 3213 2337 67 4070 3625
2316 173 2474 1468 4760 3868 4836 4522 819 4676 1302 1895 3581 1080 1116 3761 2151 2453 73 3786
1914 1788 3795 1546 1186 590 1114 3118 3060 4543 3144 1877 3959 1877 4640 1080 2478 2437 1745 1214
3706 570 1058 1313 4686 2051 1539 2157 696 715 3581 896 4809 1591 2391 14 651 390 346 1640
3410 4742 3699 237 3471 4156 66 4866 3159 2271 4308 2290 4647 2078 322 3386 3064 2507 425 1313
2302 1617 2561 3707 136 78 1537 4168 4604 1279 317 2265 296 4745 3320 234 73 4449 1022 2161
3496 1734 3982 2399 479 4167 4000 2073 1646 4908 1058 3427 1993 780 1402 3972 1549 929 3174 4412
3009 1373 4401 386 2461 2349 2193 26 3732 2294 4000 900 615 4999 4911 1563 1617 2207 2246 3046
2439 1683 4025 3085 4932 4827 3064 4471 4285 2060 4604 1521 570 4000 364 2646 4817 4459 4972 1618
182 4910 2430 897 3635 1659 474 2892 4300 2126 2316 4678 2715 1080 2495 1232 1992 3294 4623 1916
1572 3608 3266 4145 3309 3570 237 4298 2790 2349 2701 634 643 4493 1768 3668 4772 564 1106 3175
3386 4749 4902 2627 4156 865 3832 3491 4757 1422 1362 2570 2080 248 2073 1503 322 1543 2699 3598
3387 4972 136 206 2399 52 674 634 4476 964 3795 1864 4155 867 3416 3069 2837 2886 4650 4080
2439 1921 187 4173 1841 3228 2808 65 4933 940 2080 1505 1982 1844 2023 2692 1891 1861 4999 2831
2969 584 2213 782 1378 2248 3863 4493 3537 1468 4219 2390 2422 1641 4126 4770 345 4707 2190 3221
2561 644 954 1955 2910 3160 1099 2135 2783 4523 1 444 4273 3795 2561 4263 2716 2574 550 392
1527 2430 1853 346 3950 1182 253 2378 4156 4902 3795 4131 1198 3099 3112 4376 118 2502 552 4118
1856 2116 915 3331 2307 2003 1059 2998 185 3505 4491 4752 2175 4381 957 4476 1875 2003 2058 758
4051 4727 181 2270 308 4459 1342 3204 4695 3587 305 4669 2903 508 736 3467 719 460 2520 125
4488 2674 1512 521 945 2053 2107 1198 1056 3046 271 2721 3487 3178 941 1600 153 2430 1353 396
2247 3887 820 2841 836 1360 3128 3930 4449 4237 101 2993 1906 308 2353 4969 2120 1185 2603 4118
2430 2945 746 3394 2449 2315 4413 1543 987 2175 2060 3564 4154 476 950 2496 516 1786 3922 1617
4891 38 3293 4303 4459 908 4287 4982 4147 1417 2877 3961 1877 1241 2640 1639 2739 4421 3506 3241
4488 2561 1503 4326 4244 868 4795 1260 4820 2713 1247 685 2316 4912 2506 3794 479 2222 3746 4785
3496 1170 2175 2945 4476 3043 3489 4162 3686 745 2430 4230 2742 1025 4156 4604 3201 2199 4069 3719
761 300 4770 2071 4997 4671 4 1173 1432 3400 4841 1247 3892 1659 521 1823 3099 3664 1058 2693
4193 618 998 1145 1762 3666 2603 530 2931 655 377 2295 1944 4962 4623 1146 3451 2603 684 908
3656 2430 3787 570 2945 4652 2379 564 4794 4828 1135 2338 1418 547 1397 65 2748 4902 4676 2459
4976 1877 2739 1877 3587 1448 3871 2490 1024 3212 1828 157 590 2323 1699 4272 702 886 1354 449
2178 1586 3649 2561 992 1543 1543 3587 4978 1845 1498 656 2736 865 4170 519 1531 2120 4647 1739
1197 4289 4371 447 838 618 2957 3338 3559 4625 240 1313 3459 1489 2173 3273 2328 2586 1707 3296
1197 3594 2444 2188 3443 3394 2298 25 1888 3445 4650 3296 4287 2892 4048 774 2735 2225 873 4659
775 4650 570 418 4671 4112 4754 4672 4156 817 2005 1474 4156 2591 4684 91 3496 3348 3799 2958
4319 2060 1058 4782 4113 2289 1400 104 801 3879 2575 3892 1058 2207 3003 3487 2735 4502 4810 745
2818 346 4583 1640 4156 3875 2699 223 2793 3244 2566 3732 3559 2587 32 3727 3461 3856 1687 4473
1059 4000 2443 1058 4348 1785 3254 639 4970 2500 1785 1993 4468 4997 1639 1177 1591 924 4389 1621
3079 187 1503 870 4867 934 4298 542 4999 1628 4100 1957 1993 1313 1848 2058 2514 4820 1848 4891
3832 1618 2213 638 1313 3175 4894 3559 2842 4715 4601 4578 3204 3675 1992 2640 2216 4017 799 1959
1594 4279 2080 346 1971 714 2690 1872 2735 2827 4689 1009 4371 4676 796 4685 3371 632 606 2188
1202 4492 4933 3967 2223 4522 3759 157 3792 870 3358 541 4233 4751 3809 3172 205 4202 1866 2295
3410 258 526 3306 3871 1299 2489 31 998 2479 4780 4997 4239 1872 3103 2319 4380 4902 1955 3041
3021 714 4069 4937 1971 3838 1480 1691 1877 3583 2811 1123 3118 987 3783 2633 3106 985 1110 4457
1594 2449 4006 949 1877 4318 2839 1877 622 2050 1238 1798 714 562 644 4990 4865 584 573 2822
4459 2005 69 12 946 2495 3252 3262 3338 3582 1314 4779 120 4285 3765 3611 4476 3483 2368 1785
2439 4663 501 4891 1513 3066 4366 1093 4458 1503 1058 1893 190 775 1877 1965 1555 745 1877 4161
635 2349 726 987 292 4264 1135 271 4114 4412 2717 1921 896 3293 4891 206 4937 2647 1313 4710
1856 3064 3960 1785 2144 562 4240 1165 2111 3271 3204 3904 4946 4115 2205 3939 1432 4210 2893 3129
1818 685 465 1360 3350 2474 1563 1517 674 2546 288 2459 2952 100 937 2060 4462 2495 460 4180
2837 4459 4638 2348 4582 629 4959 998 627 4562 3192 896 4279 452 4838 3894 558 2709 164 534
2575 2651 4462 1197 3022 4156 2735 2349 472 2735 1954 3095 3154 2893 3991 896 2810 2228 896 791
484 4360 360 3187 4269 998 4272 3390 3874 294 612 3468 2668 668 2893 4859 4784 4652 4144 3487
2430 3446 4069 1123 4394 2676 3262 2708 714 4159 1689 4892 754 2094 2515 4118 3892 950 4967 3204
2430 4446 3204 3632 1396 216 2207 3217 4823 1679 4330 1549 4112 514 3732 3759 811 2430 4071 1246
3706 3716 3998 2571 4498 4961 1511 1580 21 4860 4436 2826 1001 1723 4481 1435 136 3889 3456 4663
4156 4279 1857 3486 2477 2885 948 2375 21 4171 360 865 1205 1958 953 3342 2422 4365 4420 2561
402 3293 1202 2161 2545 308 2822 2295 2681 3688 1768 3910 2058 1496 3429 4543 637 4148 1659 1861
4047 4760 1693 1036 2847 653 2638 1742 134 550 867 615 2568 1327 2263 1573 3714 4976 3641 4171
4669 2971 877 2381 3367 1893 2962 2064 2883 194 900 332 2561 1877 945 1617 1543 2175 822 429
2609 299 1351 1221 1934 3238 232 2289 73 3627 3370 4686 1247 669 2193 558 21 1848 26 4425
2643 1785 4239 2717 4807 1442 4997 4230 1971 2295 4929 2717 1769 1630 985 2424 2918 1043 3386 3142
2430 568 1404 206 2628 1549 2664 4156 21 1262 1232 1877 2962 1104 3862 118 1406 1435 2140 3144
1953 1970 3379 3311 568 1503 791 3043 1029 1834 1555 2430 2073 2085 4908 1919 2640 4660 3954 2078
773 206 2194 3709 4394 4144 4851 4671 1313 1927 2957 4283 3795 4197 713 4522 3808 1955 1058 3948
2247 1503 4863 467 1654 779 4138 1312 2361 992 2865 1877 198 896 38 1591 3623 1590 3771 4681
1067 4637 1450 1515 4341 2270 3321 920 179 1474 949 1877 4166 584 4167 1119 1555 4376 3874 4047
3536 3514 2717 3311 189 587 4156 3224 596 3187 3291 2381 2163 1717 845 4114 2404 3722 26 4999
1202 1521 4519 4908 206 21 73 3112 270 1910 2495 2651 2058 3744 1929 776 547 2988 4418 1061
4427 4459 285 1982 514 1699 1877 3587 1993 1993 2985 2459 135 1074 1597 3502 1411 947 2073 1049
2913 2947 2523 3131 4000 3174 1350 4751 2023 907 3942 4972 4675 73 1503 73 3381 639 4999 1785
3324 3076 1791 1993 2638 1630 4685 4510 612 1468 1028 2290 4617 4817 2856 4953 3770 4459 1879 79
990 4007 397 4770 300 1928 3386 524 2477 4264 4612 608 1360 1187 92 390 2430 693 501 1697
206 950 1116 872 2714 66 2232 634 420 136 3061 896 433 3889 3644 3807 3795 3557 3828 2839
2430 3416 3977 4663 2221 2653 1543 2038 896 3095 1877 4276 975 4308 2175 501 2368 2885 327 930
2430 3369 714 2248 1009 3303 1040 3275 379 2468 4681 3138 1342 344 2178 194 3875 521 3008 2709
1503 3386 4168 2263 2207 2810 3799 4807 3764 2803 4491 231 4171 437 2064 4801 2576 2684 4389 208
4195 2109 409 729 3182 714 3643 3400 1877 674 1093 1425 1385 95 4686 93 2643 26 465 465
1463 2709 3307 2945 3506 1921 3795 4983 4865 1285 4156 44 2107 4933 2424 4459 2107 1484 2628 4020
2439 351 188 4976 1313 4822 4156 2610 2378 131 2531 1786 2308 4020 1080 3838 308 1537 3799 2087
4828 4029 1802 1226 3699 4059 4747 936 4571 393 3291 3371 987 3922 4069 1354 1426 807 1045 2377
4623 3832 3523 780 3536 2612 1877 3224 1993 1877 4846 4156 220 4054 2353 2715 2120 3113 96 4115
4195 4596 4853 635 135 2055 453 2642 3988 4389 346 205 2603 4023 4916 3350 1877 997 2324 3582
1202 521 4010 4982 3348 3217 4264 2058 3106 2723 461 2378 2138 1353 2343 436 1313 3037 2140 4984
4220 4206 3630 4906 899 2561 6 4233 2506 44 644 676 2022 537 1595 3906 4954 268 3632 4343
2380 4465 627 4824 2439 2073 3913 2288 3123 2119 2768 4171 3725 4226 2636 2804 397 2808 474 3986
3870 4927 390 1313 2610 2064 1473 4000 1993 949 2561 1877 1123 2073 3224 3582 1373 3623 26 1143
4923 998 3559 392 3774 2218 468 135 4685 1116 269 317 589 360 2967 4522 3808 1993 1877 4114
821 2295 389 4048 4984 4657 751 4865 21 3677 21 2773 2492 39 92 3995 3197 896 3350 3116
4855 1567 2064 3103 3262 4758 21 2205 3100 3218 2226 3420 3566 1080 2358 15 2073 1969 4900 655
3422 1368 1803 799 4376 2186 3262 2943 948 1246 753 1428 3305 3950 4057 3008 3371 2708 1484 3892
1197 1618 4962 896 4206 1304 3215 2479 2231 577 1023 501 2796 3431 3799 2109 1083 744 3291 2109
1246 2140 296 1515 3619 1414 1543 3204 3230 690 817 2361 1868 3204 1567 4604 3187 1846 1438 3759
1594 3832 3283 3415 2634 2735 3876 422 4933 227 3446 521 2188 1690 4394 1774 512 2545 4932 4020
2529 1104 2378 957 867 1119 4059 3661 302 1660 3350 2137 998 3392 2058 4325 3685 3204 1474 4459
3431 2643 3879 234 207 2714 4943 2100 4015 3443 4956 206 1381 2058 2218 638 4464 4619 569 4045
4071 4861 4156 4597 957 3111 4801 3204 3769 2735 1005 589 2467 80 3012 1279 3386 4007 660 2183
4000 2879 2194 66 1645 3832 1385 1313 341 3828 1444 1734 1266 4424 2648 4281 4663 1580 2941 4650
3776 1877 4289 1877 4424 896 4156 4908 521 1711 1452 1676 3506 1123 1664 308 3293 2253 3892 3859
4663 2839 26 1247 2670 2112 1350 863 2120 3083 4493 2588 450 4138 1957 416 932 3831 4074 2304
1992 4397 4522 1006 896 3670 3223 2748 1265 4342 2330 3795 2062 896 2927 601 1342 1076 2240 3841
2348 1877 4010 4327 995 1473 4932 538 4791 2983 1994 2957 2719 1916 1133 4335 1841 3823 896 896
4293 1953 1877 1412 4156 3821 3892 2808 2391 3306 3795 562 3889 2031 2202 2457 1560 4076 1478 1174
4195 3324 4194 1096 2134 4273 6 1053 501 562 971 2507 2544 1425 187 4982 3885 1391 3079 2713
1197 4932 809 2561 1121 2828 2561 2561 1080 2892 3095 3799 2208 2676 2529 3946 4476 2805 3411 1659
4292 1468 1358 4000 647 4721 2307 586 4313 1297 2295 2109 830 4156 4058 2523 4528 1540 4700 3922
908 634 4743 3998 1468 190 1792 1961 4329 2078 4892 2015 689 1961 2330 2554 2996 3874 4123 3387
2348 1197 3649 2941 1889 3211 2595 4000 3174 4491 4678 253 2610 1785 101 997 3882 3891 1432 638
498 2871 4125 1987 4915 4976 4518 437 2833 44 3453 1786 2617 2591 2110 3111 588 1746 308 4597
2890 3922 1617 192 1135 1640 2413 4853 3384 1785 2687 482 4982 3295 3356 2728 2870 1389 2058 29
615 3808 3434 1432 3768 2603 3584 461 465 465 981 4828 3837 4929 776 1331 4243 3433 4376 521
4292 3677 1102 3960 287 3795 4891 26 26 714 4391 1452 1643 4676 2349 3417 3516 1595 3149 132
3129 3293 2178 4999 867 188 352 4770 3131 352 3549 2301 1242 2368 4138 1877 2163 1159 1503 4376
1856 4249 2058 242 1428 3785 4035 2485 4000 1543 1543 4404 4168 225 4059 2571 465 3808 2190 2727
3421 970 4000 220 514 3291 499 4406 3948 209 3099 3951 4709 1561 3427 514 1420 855 2864 4690
1618 2316 768 3874 4011 1232 21 3022 2923 3450 73 3570 2308 276 1170 3631 817 4118 4795 998
1024 1402 4239 4239 3632 1629 131 3506 1123 4636 4181 3370 3874 73 4685 3187 3548 4989 3446 2296
4220 1503 1606 4921 4095 3719 738 4751 668 4095 1786 2766 2403 1739 1912 1115 595 1472 2567 2576
2302 1873 4899 1877 4797 2006 4627 1452 1877 3154 2378 2957 1401 3505 2906 3788 3995 2435 3223 1164
1202 21 1468 3693 3817 2901 1426 2251 3875 2203 3425 2270 4758 3029 4650 408 1302 3382 3272 896
2247 4491 2878 867 3764 1877 2002 1302 118 4644 4770 4982 2957 485 1893 4195 3079 4289 1472 2668
3428 3880 3291 2430 1786 1689 1266 2992 641 2561 1121 465 4476 4253 2603 1096 1971 3459 2542 3814
1818 822 109 2588 4512 901 4294 2353 1435 1877 1302 1684 93 3174 4156 2642 476 4459 4621 1308
3539 2430 1272 4107 2459 3227 3421 1516 343 4166 3892 2529 1521 3456 717 3513 3490 2028 774 3879
1477 2404 3795 2735 1854 5 607 2822 181 4338 1970 2041 1080 3833 1952 1347 4509 1781 3699 1589
2430 2870 950 4467 1992 4156 1468 3293 2214 2890 2322 954 4770 3559 240 4412 3832 2065 3784 2078
1618 3209 870 4435 3521 4731 3764 1877 0 3386 1474 1877 3832 3584 2180 136 586 2078 2831 3612
936 2978 2370 809 896 1971 2125 4069 998 154 4838 386 2638 839 1788 1873 628 3003 1502 4671
1170 2368 3417 1236 4047 4821 2789 360 2253 4525 4519 4637 1958 987 3071 900 208 2173 2120 2600
4691 2120 1452 3095 998 3699 2511 4397 1302 4584 2610 1790 1121 1 2961 4474 4431 2204 3173 3378
106 1658 1342 4276 2724 4915 867 2837 2296 4362 1229 3832 1867 971 1666 1791 634 4497 1401 3951
1342 4000 1689 4493 2518 2827 1893 501 3777 2481 4772 1198 308 2676 3885 1358 3808 4945 3414 1213
2470 4193 3009 3408 2316 4842 2003 2170 3187 4770 21 676 715 2929 3436 1336 3340 3876 1432 4851
4749 4047 4505 4000 2175 4505 1690 1800 4505 2075 3348 4915 3161 900 2983 3559 3998 4853 3131 2006
3207 3736 1746 3401 4442 569 2140 1023 2029 2175 1955 2302 1617 4966 346 2338 817 4114 4412 1435
1278 4982 4582 1841 1543 1786 2885 2304 3224 3379 1502 736 799 2119 4474 1774 1313 796 2247 2603
1992 4497 1121 1058 2324 4156 1591 308 569 4007 1893 4582 1877 2827 774 4227 2617 3311 3187 4853
3167 3006 4710 182 1516 651 4497 1939 569 26 182 1630 4264 4376 2617 1701 3746 4069 3811 2275
4801 2349 3693 3100 2506 3762 2983 4642 2173 3204 4349 714 1677 3291 1285 682 4716 2186 1381 822
3167 1617 651 4740 2231 214 2642 903 1517 1854 4406 2832 1992 4219 647 4744 2479 2058 2080 3929
2139 1670 998 4422 23 1344 3129 4766 3248 4162 1731 668 2920 3537 452 508 4671 1443 3229 1433
867 2882 4631 4203 2093 3168 2713 2941 4272 975 4069 2414 2965 2058 4999 4999 4625 751 3115 4074
1229 2120 2271 2459 2416 2581 3719 1371 2553 559 2180 1397 2300 3593 855 776 2688 663 4660 2945
4663 2661 457 3981 111 1893 668 225 1941 3935 3550 3570 964 4965 1096 3115 3410 1543 2194 3559
2870 1634 4861 827 867 3324 1877 1893 2349 2191 2391 4422 3235 4264 4376 179 1176 774 4241 2246
1522 25 957 2140 2955 2823 3093 833 1911 3808 1596 1899 384 1893 38 4954 1058 1427 627 4891
3594 998 78 2581 1853 899 1930 4807 1354 4628 2378 4156 1563 997 4807 3799 2398 3583 4059 2135
1624 792 998 4270 3972 2415 4365 3479 4341 2050 2892 2304 1679 4005 2430 2727 4000 501 1506 3334
1928 3609 634 1516 4292 4689 1503 1419 3523 3204 3273 0 4933 2492 1123 2138 3370 4000 360 4933
2430 4161 3204 2575 1768 501 2553 949 253 308 2265 3949 1877 782 4458 638 3477 1993 4756 4350
4929 3359 2676 2738 2803 3764 346 4997 3337 2717 1993 1877 3699 4138 1701 638 1503 4978 3998 4212
3630 2799 1617 4240 3026 1419 957 4023 4240 3505 4156 3874 3174 1353 4253 3509 3446 4560 1314 1893
4047 937 3580 4076 2575 2572 4465 4761 283 3938 3572 1121 1600 2505 521 3131 830 2351 2170 2603
465 3224 2804 2676 2226 3084 2589 3461 3587 3581 4616 1877 2377 346 1768 1058 1135 4719 1555 4476
581 3641 3764 4069 1428 2013 4880 1697 558 136 478 1285 1025 3506 950 1877 276 834 3492 4562
1133 1197 173 73 4168 1248 4692 1426 3420 997 2080 4168 3936 2081 995 2219 2173 2109 4035 3292
2507 3295 1125 4459 4156 889 4758 4156 4784 2330 4581 1787 4000 3239 3795 447 1618 2080 4937 2609
3282 3293 2338 2181 4794 2671 2793 1197 303 2424 363 2289 2377 1957 4163 3400 1877 2378 588 4933
1873 661 4430 3175 2295 4955 2634 1115 2063 897 4902 1655 4807 396 2861 4156 2507 2130 476 2905
3832 1273 2459 2929 2783 4154 598 1887 2892 2271 234 4749 4966 2581 1740 3001 2847 1313 1383 685
3903 2494 1360 950 1540 3795 1286 393 2605 3619 2010 4474 3995 4156 1591 1711 3951 4459 4965 2827
1873 1321 1412 817 3350 38 2134 745 647 3999 4035 1853 3316 838 2808 1135 2046 160 4429 4420
4237 1843 4752 799 1379 2838 1123 105 971 4422 896 386 44 2378 2422 1791 3944 1197 1847 308
4001 80 3379 3227 668 4742 4263 1080 135 4118 478 2137 3988 849 780 4341 2241 4794 4717 2222
3386 1539 2775 2113 1582 4565 1893 799 778 2158 1119 1088 944 3719 3887 4225 1446 2692 2002 1293
219 3163 3875 407 3224 2302 3699 570 1319 13 3204 3299 4657 4795 928 2263 1119 4653 3856 3830
594 1992 950 3893 2479 3859 4095 2945 977 3612 4923 998 2338 2532 2218 1622 1205 2270 4676 915
2003 4542 4435 4459 627 1123 1955 1579 569 896 1568 3699 3283 1363 135 2912 3131 4497 96 2592
1618 819 4522 1734 3710 1992 1371 1205 952 1993 1313 1078 4096 308 570 819 2708 1119 4669 2389
4068 3217 1503 4524 3875 1468 1931 4476 1857 520 4597 2593 2375 2799 4098 3118 2400 4727 1786 869
634 206 1058 720 668 4865 1028 4782 2461 2714 2349 779 3284 1229 2855 2023 2113 2100 497 1877
663 1861 2798 3505 2073 1607 2116 1877 3021 4742 3154 19 1384 2750 3673 3605 4162 2081 2766 4759
1236 2109 751 346 2811 431 786 3292 1877 3829 2122 1785 3959 3043 1040 1543 1058 1993 1877 3043
311 2495 2246 865 4713 3003 2219 3324 1877 3406 3429 4095 587 3800 2353 2140 3484 2058 4226 1792
4117 1083 4865 4962 2517 2836 3587 1255 1058 3874 3505 1967 21 4264 1515 3204 2100 2905 1438 4270
3386 3142 4095 164 1739 4106 3604 1377 740 4136 798 3814 106 346 4797 1939 4106 3995 3626 4123
1617 970 4937 1045 4976 4459 3497 4686 4698 2319 948 4823 4271 2270 1143 4459 4933 1696 2188 1058
2561 1123 1824 1272 1020 2136 53 579 796 3859 2827 559 4008 1484 552 4700 2022 1050 4237 4476
4069 2439 460 1211 360 4394 811 4276 1630 3213 1877 3489 1679 2469 4464 4994 4604 748 1031 1670
2222 4059 4486 4785 621 2614 922 867 1170 4459 26 4657 896 4644 1311 1893 2692 4604 3670 3187
4929 106 2822 2361 4279 1356 4652 2894 1903 552 3074 2400 3693 615 1058 2293 690 4445 3991 3874
4820 3523 714 2247 3795 3502 4621 1994 3009 4761 2378 308 1016 2435 3875 521 3559 4497 1832 4289
3656 4596 2595 1392 118 1123 9 3022 3580 2224 4254 1480 131 3218 364 4793 1106 441 2183 1701
3386 3744 885 4585 3717 4956 1907 3410 1804 3079 1066 3784 185 2605 3450 4902 4929 3872 4522 4493
4159 135 1660 2216 1781 2430 3871 1582 1242 668 2494 819 3972 1188 153 4025 817 4761 1452 1948
2439 421 2251 448 1424 4082 4154 4167 4735 1285 4069 1093 4822 4669 618 3594 588 3204 896 3106
1617 4075 160 2875 2140 3489 3296 3204 3138 4226 2709 2426 2353 1132 3076 4671 2579 3795 1563 3839
206 3270 997 3764 1845 1503 938 1275 460 363 1468 768 3799 3121 271 3036 4908 2353 2715 4990
1502 2443 2800 896 3596 1955 175 472 1791 2931 4010 663 3186 4292 863 3218 924 4778 1774 4459
1971 1247 1342 634 3502 26 26 4195 2053 821 509 3885 1469 2561 1573 484 2748 4263 4224 1313
651 4047 4237 3593 4257 1912 2603 3808 4007 2571 2319 658 1377 136 4833 4316 4282 2561 4281 2409
4902 2338 2191 2060 791 21 2377 1527 118 1696 3795 1925 967 4112 896 3022 2391 867 1313 4760
3988 3576 4464 4619 1004 3764 2271 1372 4030 465 3350 4000 240 1372 2611 499 4161 651 2751 4903
1618 2282 2053 3891 3795 1563 1992 2900 3095 817 2986 1250 1135 3365 4163 4962 1159 2340 2230 584
4117 2652 4000 3875 1640 2495 812 1774 2511 950 2364 4370 4782 957 3291 855 492 2300 2576 1238
572 4742 2208 2155 2368 3252 4078 638 1358 2349 3892 1468 2330 1503 2777 358 435 3350 1654 236
3414 2957 1247 993 3079 3118 950 529 4948 3810 3686 2709 10 668 4587 896 668 615 2507 4463
2247 1385 3305 2377 346 2939 1484 602 3990 1271 4427 1554 2581 3910 1358 2054 38 12 4999 38
2376 3998 4753 3491 4500 1173 1347 3774 4168 4933 286 2717 4623 3920 295 1391 3612 3612 1828 1705
3706 1143 1035 3685 1005 4000 363 2823 3887 3619 3431 4445 3774 994 240 26 1475 3795 3671 2579
1293 547 1522 1020 2528 4665 1247 4095 682 2816 2913 4978 2630 1011 460 2835 1377 1360 1760 3410
1786 2133 4287 1533 4826 1956 1364 1877 1265 855 648 4476 1739 4493 1690 2058 915 893 1314 2074
4220 3099 1238 1354 994 4033 3658 4908 2353 2289 3142 4273 4025 3641 4059 1515 4867 1993 3764 4241
452 1247 745 4195 2053 3122 4908 2640 2084 4659 3988 1232 2399 3273 4156 4292 4794 3021 4742 4240
1888 604 4387 1934 2912 3081 896 568 1197 1426 4562 4000 4493 4657 2000 3795 4202 194 4669 655
3539 3699 4863 3112 3100 3874 1043 612 808 3422 4709 4440 4742 518 840 4019 2058 2075 896 21
970 1873 655 3998 1987 2245 2671 4902 3559 4424 1179 3771 2120 2714 568 2058 1498 660 1683 80
1112 4341 4389 5 4199 26 4538 714 3268 1853 346 3605 2506 2290 4459 3311 326 360 1785 4671
1992 1741 3320 3009 3648 1832 3254 1785 4321 3570 4669 4347 1683 1477 971 3417 3613 4936 827 38
3410 4742 3549 2910 4817 1182 4522 3793 689 1521 3508 2404 1680 1992 774 3998 1899 2838 1834 2330
4724 2945 3410 3487 896 1459 3265 3555 812 1378 1468 2920 2251 920 2293 4836 985 4115 4995 2963
2029 2175 644 3194 27 1739 3549 142 734 3894 4025 1428 2433 3305 751 3305 1103 3962 4375 2789
477 2010 3587 1197 38 3583 363 956 4982 1503 1353 308 2204 4061 1548 1563 3029 1999 1385 4962
4118 1358 4069 3699 2715 3844 4546 678 4166 634 4459 1484 2580 1188 26 26 1198 4617 1913 827
3290 3980 1786 3799 3942 4538 4760 3715 3744 1074 849 3903 2046 3559 2236 4459 2492 986 4225 2735
2651 4519 1286 4522 3581 366 731 1923 3547 164 1451 2983 4118 308 4000 4910 3338 3103 3604 460
1783 3803 1313 2685 2120 1268 2058 1872 1763 3904 2520 4836 1992 1654 2748 685 4262 2253 764 3623
4637 2060 573 998 2058 1498 3043 2344 596 1763 875 2211 3267 628 1360 1731 3712 2227 4631 3969
564 2796 3311 1367 4493 2058 4010 897 2876 69 2135 94 3160 4182 1115 1910 896 3505 2067 4476
285 4522 3812 3218 4652 889 4742 4752 1993 628 1240 1851 1513 44 2295 4741 3338 3434 3945 1454
2178 2003 1853 187 586 4795 3410 4742 1921 660 867 4752 2673 4613 606 2022 3427 948 2474 79
3290 3675 2920 1058 3374 3795 3333 131 1378 3103 3587 2461 1058 4510 2430 4313 1992 1005 3505 922
2430 1116 1426 1848 2368 2136 4115 2353 4587 3036 1470 2668 1992 1877 3961 4736 3782 3793 1617 817
4776 206 2194 360 371 2822 2137 1014 1993 627 460 4238 529 3977 1279 3406 2739 1557 2295 4652
2461 2670 3829 2119 1028 3815 902 4095 3543 3116 4171 3410 308 4459 3079 4035 1252 3397 2506 2309
2439 2053 3505 865 3506 4138 2771 2194 2323 4459 2860 3227 1644 4482 2271 2316 1763 592 3875 729
3539 3795 3642 2794 497 1318 4956 177 1412 1620 1967 1385 4073 3764 896 896 3998 1197 2308 1170
948 954 4069 998 3054 2080 4731 2822 4955 3643 3758 4604 3184 1247 4650 639 3337 4548 2270 2941
3427 998 1202 3753 1498 3668 3559 135 1503 949 2561 3048 2907 1096 2930 981 2798 4908 3542 3586
3795 3260 870 1420 3241 164 2439 1496 2957 4389 3735 4083 2188 1825 542 3401 2360 3116 1823 3625
4292 2187 1202 4652 1004 4349 79 4543 3489 1888 1659 2865 2391 4663 773 3516 627 2810 3559 4341
3422 2561 1877 1301 644 462 4903 4025 4459 3933 4156 3875 1058 4692 3735 4238 2829 2064 782 2230
1860 2844 4000 4320 1971 4476 887 3790 501 2962 3161 4397 802 21 17 1993 1785 3795 1468 1382
2430 3847 2702 114 863 924 3397 856 2058 4664 896 21 4613 2289 4699 2175 1184 1502 2072 4011
1202 3610 3559 3348 508 4162 2573 167 634 2864 1514 136 3859 2391 4069 1823 3587 4691 3362 4217
3768 2824 534 717 397 3550 2876 513 4477 3765 4820 4273 979 4671 2081 4823 3975 1313 4162 4902
4220 1893 71 3526 2330 4221 42 1595 4663 4376 3286 4264 2207 1877 2761 2477 4106 48 3795 1152
740 819 106 3345 27 3586 346 2754 1877 2748 2511 3223 1080 1135 1740 3986 564 1783 3187 1543
4983 4051 4242 594 1170 4627 4851 2454 3423 4859 1676 3936 3966 4156 2078 1121 1455 21 4237 3630
4623 3832 2180 647 1087 413 2671 2489 166 986 998 3990 1832 1740 4474 1582 4156 4287 2334 595
4047 1740 2674 1435 3559 4760 4962 3502 1039 1877 3910 3364 1080 621 2710 1135 1098 896 118 3672
2439 3103 1134 4051 1356 1477 3506 1115 3799 3582 4671 1160 1401 2067 4418 3892 3892 1232 1848 4936
2587 2175 4476 1681 4338 736 4752 2514 1301 581 3158 3046 3111 4266 3799 719 2717 1214 822 3043
2247 1220 3144 954 4115 1108 4056 1058 2735 1928 1993 3229 1704 2993 1595 639 4154 4000 2457 2838
2430 2835 4162 3953 4520 655 73 1993 4652 4752 4494 1164 3698 2674 2036 3076 3023 4289 3904 2888
2029 1406 4045 1785 4130 1480 3446 4227 3857 4671 3727 3275 2140 1317 4671 1362 595 1640 2927 2787
2400 3263 4791 4663 1651 1247 1997 1896 3429 3727 934 4908 2015 1426 3606 3714 4988 3431 2295 2561
4606 1135 1829 106 285 2856 1670 1275 1356 3011 182 1516 1013 3807 4770 3695 521 799 4543 2518
4285 3174 2058 4164 2694 4466 1595 605 4156 237 4033 3292 3340 1191 2482 1641 1135 2481 3129 3194
1914 2638 4592 1480 1589 1046 889 3085 4148 2572 2140 2675 1969 2911 3400 4804 4435 2224 3409 3998
970 4000 908 3544 896 1877 1877 1489 347 2624 4492 3736 3271 4168 3832 732 3212 3764 4902 2996
301 395 1842 95 3795 1704 2811 76 200 319 4736 20 2244 950 3661 3497 390 870 2397 590
2967 2439 4173 4929 1313 2329 1052 2311 3838 2129 160 3874 2120 3349 1993 4636 1768 4279 590 499
3431 1888 4776 3003 26 4691 4990 3782 569 817 3764 634 4459 1517 4099 1472 4760 4398 519 2078
899 1197 63 1810 4005 4932 2428 1293 1135 4156 3187 2485 4276 3795 1050 2400 334 3906 4942 4650
45 1877 1170 4690 245 3795 4246 4758 768 385 396 2785 390 1503 3620 1244 1236 569 409 3975
3794 2295 2561 75 3729 1058 1121 3192 360 21 3960 4562 3828 1165 4236 3174 4156 4156 4048 4982
1402 253 668 4908 950 1402 2638 618 3100 1879 565 2134 4352 3587 2338 2735 2835 4434 896 1179
3070 4974 244 893 1907 336 2876 3356 4465 1164 4736 531 1193 1993 4156 324 2194 3559 4711 3248
4542 3699 1632 2194 4933 4660 4972 2230 1877 2752 4156 3378 1877 379 63 534 1216 3033 3324 4285
3254 3080 2479 3018 1656 1121 1058 3972 2650 1786 2864 2893 4613 3480 415 3559 870 2957 4325 3904
594 3830 2080 3922 500 1626 4492 2610 4049 1049 2622 2316 2943 1994 187 2517 1563 2646 480 4494
1992 1426 3502 4089 1965 1085 1904 761 1814 4239 595 3401 779 2701 135 4736 2048 3719 3452 2490
2430 2866 3686 4022 1429 2222 2957 2617 4446 93 601 4795 2961 2438 3118 96 4391 3727 4154 1955
4292 4902 1438 4815 2876 1333 998 4394 2676 908 1642 4462 1711 1080 745 1841 4343 3012 4881 3892
1992 4841 3436 4990 594 103 3964 2093 4423 4156 220 2548 2078 1272 2924 4921 1503 4542 3589 4459
4724 3060 3294 547 357 979 4371 1419 4351 4487 3168 4459 2232 1944 1877 3799 2529 940 594 2576
3174 855 1468 2642 2430 409 655 3944 479 4235 1644 2046 476 4271 2605 4423 4334 1722 1498 3333
2898 3306 900 908 3099 1354 3294 3204 2957 4325 4908 1059 3305 1235 736 1496 4493 773 2109 3746
2439 714 4613 1856 1492 2000 2870 3795 2154 4915 4009 3832 2316 3271 3009 3091 3306 4863 4168 2194
3070 1102 2282 615 3811 1312 1188 4465 2325 35 2168 485 2058 335 4164 2453 1380 3279 4317 1959
3070 579 998 2810 3268 4982 3603 4253 3400 628 1382 2717 1993 122 932 200 1630 4458 867 2717
1594 2709 4807 4341 2796 4867 4865 4435 2994 1614 334 2810 3988 2000 3795 3675 3753 714 4613 3892
3285 4413 4711 2876 4582 2454 1004 2714 4680 2676 3954 2983 2498 4492 3894 17 481 3125 1121 476
4195 526 465 2435 4191 1543 3224 2768 1546 2330 2864 3680 1443 501 4279 1877 3241 1776 4683 4761
1618 780 4477 1468 1087 4118 4795 2851 2080 2941 2483 3619 821 581 320 1944 3193 3111 4351 2674
30 235 3406 1845 4637 2528 4742 1080 4889 1197 17 2633 4872 615 3613 4619 3953 1058 3343 2506
2178 1358 465 2870 3612 564 2116 3639 588 4212 2739 1496 1661 1087 2223 3516 4325 234 668 452
2439 4693 3311 4055 547 4765 992 2137 1033 4807 4990 3929 2430 3795 1705 1115 1690 3667 405 2639
3384 3933 769 4865 2384 2263 4760 4653 454 768 4202 2109 1368 2715 4933 3732 776 4937 1432 4866
646 1371 514 1342 948 4138 3912 3467 145 2423 3549 4294 644 135 1503 4376 2295 2443 2390 2957
4929 1710 3550 1025 4156 1971 1877 3400 1877 6 300 2751 4522 2639 1511 577 4653 3922 3154 1432
2943 2961 1654 761 2208 2810 4535 73 1624 4172 3071 2842 2058 3273 296 2544 3890 4613 1681 640
311 2961 3523 3514 4826 2399 1763 1853 1443 2822 304 3795 1769 3565 3009 1993 3764 1993 1183 2295
2178 4000 4056 131 460 447 2264 4663 959 1025 4613 181 3103 1342 3204 2727 948 2681 4836 2831
3422 2058 3446 1358 534 4402 1135 2068 2485 4668 993 3556 1222 1246 693 1503 1059 460 2424 2218
2178 4000 2129 223 1039 4459 1768 3925 676 912 998 1354 872 594 1992 3497 2064 4465 4784 2651
2871 3410 3851 3224 1791 2996 2822 944 3719 360 779 1923 2026 1972 4118 2633 4264 3009 4851 1515
2430 1690 885 1040 1932 1774 4693 869 2135 4459 3079 985 2194 4435 177 1766 1993 1313 1456 1877
810 809 4914 220 4637 101 230 1376 2697 4000 4791 4289 2250 4369 4692 547 2715 2561 2561 2561
4929 3372 985 1785 2107 4055 21 4102 3053 2181 1666 3795 668 1585 4929 4389 831 2755 4052 799
1649 4523 34 3795 628 655 615 4474 2984 2839 1690 717 3416 2945 4389 308 1970 1141 2391 19
2430 2248 2322 3718 2295 3540 2337 3814 3283 2885 1899 360 3032 4976 3675 635 3405 1135 1970 1691
3695 521 2192 1697 0 3240 776 1848 4932 2058 2943 346 2811 1877 3271 3814 3067 4272 1983 2979
4350 3167 1617 2702 2702 3054 2955 4292 568 4206 2479 2120 4690 462 1481 509 998 2567 615 3370
2231 900 3103 308 416 482 3744 1164 3691 2271 4524 501 4287 2872 1123 1768 2875 1058 1342 3088
4795 4000 1267 1385 1961 37 2816 4422 3187 4823 2732 3660 3293 3218 2183 3948 3570 3076 4211 1853
2430 4446 4598 4751 3559 2461 4230 1313 2422 1791 409 501 3446 2367 2291 1739 3795 2013 1509 1851
3456 4000 4663 595 352 627 4817 4933 3320 4442 3218 4647 4902 785 3403 867 3397 1313 1390 1961
2068 4466 1313 2735 4305 2222 745 3079 1313 140 1271 4660 4747 2892 2693 2611 2275 3114 4338 4742
301 594 3677 2697 3998 4653 1582 1955 2316 2510 2993 3103 288 4650 2348 3583 3814 2404 2267 2065
4220 1670 4999 638 1492 4281 4421 1992 1170 4226 1185 1994 227 4169 2368 1604 1503 194 3420 531
570 308 4908 4010 4040 4752 1263 3598 2864 4435 552 4476 1009 306 2929 691 1749 2330 997 4533
1103 4201 3125 2188 2329 73 3799 2109 3401 1784 2330 2207 2831 1970 4098 2330 948 4149 4607 945
2545 3205 1503 3099 3510 3894 1678 1197 2865 2368 2983 4156 2378 1934 3211 3398 4593 4962 2400 2180
4795 869 3502 3960 308 2865 4647 861 1561 361 558 1435 4166 2593 3186 796 3115 407 1123 3174
113 1893 4000 3305 1440 4835 4114 416 897 3666 4364 189 240 1993 2088 474 2633 2681 79 2948
2575 2651 2941 957 4122 3194 1632 870 3379 2971 2080 3892 1659 1861 4640 3400 1877 2640 2517 4154
1202 3003 3490 2381 208 4288 3118 241 3953 492 871 3260 3812 3814 4391 1298 4886 2087 3471 2231
4234 2588 1922 4667 465 4362 481 465 1818 2286 1483 2603 4236 3229 296 1058 628 752 4650 2137
4847 1456 47 3111 4532 4770 2194 562 2514 534 1937 4047 2058 2353 3808 780 3403 840 4240 3770
3174 3350 139 1844 3041 614 4283 564 4085 60 1378 4423 3590 1814 4704 3799 4681 2207 819 2511
4673 594 4543 1141 1921 896 4000 2445 4450 749 1617 2030 206 2646 360 3893 2748 3009 4240 4154
2178 2187 1834 308 4999 3981 1353 2931 4778 4853 2286 2164 3771 4751 1004 3291 2205 211 2676 714
2430 3765 1619 2378 3486 736 4978 4751 3717 1239 3322 1255 3293 3254 4681 1342 3204 1348 3587 1446
3646 954 1993 1993 200 4427 3893 449 447 118 1971 1381 4588 3907 4619 4696 2735 207 3795 4212
3306 1690 2478 1527 4361 1872 469 3187 4795 4406 774 1733 1279 1993 3962 1551 4804 1893 528 409
4592 2461 3593 2218 809 4902 1916 3872 4396 2430 663 4459 1768 465 4273 2735 378 2624 2709 3329
4185 4910 1955 1594 4230 4155 3764 3291 1955 4891 1853 4637 308 1039 1894 3894 2492 1877 3995 2152
4294 1992 4623 2430 3795 3891 3891 2154 3403 308 21 3606 685 4638 4710 453 1880 2941 3699 3675
4976 4902 627 3712 4589 1595 114 367 896 2367 1425 4524 2948 2459 1420 1043 4000 66 1197 177
4741 1197 1428 1964 4825 470 2136 3969 4459 421 2557 64 4685 1630 135 1343 2523 4524 4982 288
821 628 1240 2295 3988 296 308 2965 1443 4680 4431 2330 1378 4731 3129 4618 4476 1362 534 4000
3298 720 2603 44 3487 2966 1607 2443 2958 4379 2838 4168 521 4364 2667 4272 1696 2078 2836 3764
615 4263 1478 2801 1039 1432 638 4180 4663 4556 465 4663 2218 1273 2735 2302 1803 1358 617 4264
2439 848 2961 4613 4263 377 1080 4629 3670 2226 253 136 4560 4048 2194 3167 3556 1664 4887 3971
4580 2302 2715 2378 2836 3799 2316 3444 2008 548 4291 3064 2836 1670 3138 1993 1877 2902 2756 1360
2230 3227 3204 4946 1077 2380 3998 647 341 447 521 838 3741 1497 232 4476 4415 2449 3668 269
2529 2602 3212 4967 4476 4740 4713 2511 1470 4156 1659 903 1160 4076 4287 1785 2129 3125 4450 4322
682 3619 2708 1266 200 2108 4692 4476 3429 4552 1644 2301 1687 3966 938 488 2270 2375 4048 4009
954 4988 1975 1855 547 1987 136 1959 361 2264 2865 2748 44 225 965 2717 547 3582 2194 1003
3539 1165 3967 3421 3521 415 1877 409 1680 3687 4735 4550 308 359 3961 4770 96 3026 4402 1391
1594 2709 38 4734 896 2921 2349 998 3699 2500 4031 1573 774 3972 1967 1032 2755 4956 2225 1229
663 1705 1202 957 3375 4902 3946 2022 4752 460 38 3960 4287 3210 3271 3594 3204 3281 886 113
2439 900 3765 4956 2661 4827 2073 3311 1312 1376 3187 2330 2639 1313 308 3138 4138 1543 2381 4984
594 1200 1764 409 2961 2194 99 52 2950 1923 1899 896 3617 357 4292 3124 4472 3567 3119 903
4491 1170 2791 73 4641 3993 3874 3875 612 143 4681 3795 4533 3360 308 3808 3632 1411 917 250
208 1009 1503 4029 4731 1877 3489 3421 1923 4000 1993 3658 639 3635 4056 957 2974 2422 1391 2120
87 3692 1580 4000 2350 3306 714 1546 2005 501 2692 4910 930 1734 2961 1955 4776 465 4519 3295
4311 465 2600 4623 2838 638 1993 1786 4675 4623 3986 4873 4616 1955 4929 941 950 2418 4671 4394
3035 3099 2619 970 4908 2757 2400 4000 4997 4902 1649 2554 1971 250 2323 854 4836 1247 2622 4770
4292 4693 351 779 2921 871 4255 1503 3217 595 1065 136 4723 1461 643 4671 4031 896 2839 3111
2891 23 3712 4476 3504 63 2349 957 4138 2415 136 4570 3115 985 4516 4128 3074 3677 1432 2058
3695 1923 819 2024 1543 3632 413 3171 3579 2961 950 2056 1895 4918 3808 2316 1464 4544 4736 674
1380 4937 2231 1484 4156 1141 4613 4613 3050 3324 1877 817 4266 4922 2131 512 20 1853 1760 1531
1841 744 907 4897 4650 4000 2638 4033 3990 4861 3922 4742 638 1992 2561 1121 360 4936 2921 1032
936 745 3293 3273 253 511 1785 2603 2714 584 4821 1916 3160 1286 4226 3774 4814 2520 848 4766
2509 2547 4197 2226 4752 1912 2474 3719 2573 4807 2716 801 900 3023 3209 3029 2568 2604 1058 1119
3200 1761 1519 1429 4104 346 2642 1250 1895 1040 1345 4377 612 2570 2993 1432 1343 827 360 2962
775 366 3649 1011 1788 3795 308 1609 1970 1252 2717 615 514 73 896 3058 1273 3113 1247 4126
73 1618 2316 2316 3909 4582 2050 73 1868 3254 1883 2910 389 338 728 4445 3832 4956 1040 4412
1381 2553 106 2506 2566 3400 1877 4669 2378 3829 3543 1033 1816 4364 4659 488 2270 1114 3144 4399
3721 3160 4022 2060 1528 1159 3998 4327 4322 4241 1967 21 4313 484 3589 3808 1578 1247 4650 4908
4459 208 1861 4760 3505 3764 3291 3403 3623 2428 1444 2810 2614 3060 2140 2612 668 2209 4632 3889
206 3502 3264 21 3922 2555 3922 104 4932 3829 4155 1893 4000 4982 1957 2024 4601 3655 1578 1026
2532 936 4082 542 505 4477 921 4424 4747 3138 1516 4686 390 3878 192 73 896 3874 3795 308
4637 4937 2709 3416 4451 4049 3127 21 655 26 722 2744 3129 4118 1676 521 2567 1197 4242 1546
397 1289 2953 76 3350 4932 4942 1543 2145 4612 3379 2962 2100 4817 802 3070 2594 2295 957 3210
2064 547 2664 3889 1684 2783 3799 4457 4118 2435 276 4449 4376 3874 4493 1058 4076 3233 4910 987
4516 4294 3795 3218 4641 4827 1893 3204 2319 2766 1546 3808 2576 4149 2502 4976 2690 499 3812 3559
1143 2506 1705 2336 2050 957 4671 1242 3699 2207 3795 4287 4221 2641 2957 1861 1604 3808 4550 4524
2439 2742 2876 1468 3534 3301 521 4156 2610 4908 254 329 1670 4740 1180 801 1763 3945 4601 408
3485 3636 3128 61 1734 334 2512 2245 4115 346 4112 2519 900 3354 1058 2721 3294 3635 416 2056
3431 452 3730 3799 447 1207 2941 2186 1643 4660 73 3217 1660 3544 1791 4582 1877 721 3176 2575
900 1854 219 1845 1202 2072 1792 1996 3293 1746 579 308 3343 552 2838 3205 3509 4936 1584 142
3320 1238 3636 3503 476 4459 1924 2941 957 4984 1543 465 2470 2469 4910 3998 4000 693 360 1232
2954 4230 3623 2229 2758 2072 1261 1753 1367 998 3411 3224 1753 1739 409 2380 312 941 3795 1533
4349 1011 663 465 2600 1080 2361 4976 2717 1428 1697 634 3919 2996 1877 3013 609 3875 1314 1618
3727 2882 1546 1877 2716 1322 4604 465 20 4067 820 3420 3129 1190 3004 855 3604 1058 73 1503
1923 1269 4856 206 2116 4851 3598 1834 3998 2449 1543 577 941 3079 2137 4699 4474 3391 2445 3483
611 4864 308 4000 4982 2354 1468 240 479 1767 3993 3529 3362 2218 1515 859 3133 1306 4742 3764
2064 1503 2622 2834 38 4076 300 1362 2941 2058 2082 3583 73 3334 4962 3248 2080 4095 2113 867
4937 2361 1877 4637 2361 2190 3421 4916 4474 3422 4634 336 3567 2330 3161 4477 4009 3594 3932 4226
3306 4929 584 4766 4247 3035 3154 2080 2316 2054 244 4025 2208 817 21 4000 1560 2768 1786 4117
3203 2058 1619 2246 1808 3343 21 2377 4535 656 39 4127 950 2942 1704 1232 3505 2270 3945 4422
2800 1785 2943 3971 4264 4681 2957 173 1269 1679 4226 2391 1860 2430 2489 1877 4717 668 1527 1598
2439 4663 346 1630 4115 1133 1743 4387 4025 1877 550 3461 143 4459 2570 1414 896 581 1877 1371
3408 3903 2594 4396 4418 4731 4999 1786 2768 4373 2506 3972 4976 1877 628 735 177 2509 2996 521
1618 2361 1739 4625 4226 1585 79 3224 3587 2208 1851 2194 4010 254 425 3559 2067 4459 1168 2378
2439 1690 1385 1954 564 4023 2330 985 2808 2962 1364 2715 1360 906 2375 959 2856 3795 4138 1775
4592 985 2193 1023 4804 1674 1768 2404 4663 4376 4861 2428 4474 4115 2353 863 3559 3580 2173 61
4195 1108 1024 135 584 1247 2835 100 1877 2941 4351 676 474 1698 1877 1562 817 1877 4758 2080
2367 2129 4742 4269 3764 803 3386 4886 2581 3986 3497 1954 4166 3291 4240 547 1549 2270 499 390
2247 1503 2173 3925 1435 1877 2375 718 1289 3938 2242 2488 1521 1503 1993 1877 2415 1877 1877 4933
279 2945 2368 1970 2186 4369 141 2161 3828 2730 4048 2600 4154 3288 4291 2231 3894 1281 1232 2251
2178 2945 4577 3559 2502 4459 4025 3125 1080 194 4933 4950 1539 1116 647 1468 3505 924 1543 4000
3410 2430 4047 2474 1630 3862 1820 183 998 241 2405 4448 1384 3903 685 1427 2521 1516 4795 4681
4240 980 73 4015 4476 2133 2876 3071 2876 2670 2360 206 2947 4089 1877 903 2452 603 1009 761
3537 206 3314 2750 904 1602 612 2603 4230 4971 4652 1435 614 1781 3908 2943 634 4459 1785 3636
1953 2495 1834 3998 2752 2452 896 1877 2640 4827 4891 4742 1921 2651 3616 2208 2603 4273 900 1372
2430 1896 1435 1084 2551 1828 1193 4226 4206 1595 3603 1313 1431 2646 4817 3210 1551 120 4459 1546
1202 1058 4497 1292 3504 2391 4742 4171 2672 135 2125 3945 26 3795 2627 2067 73 102 4235 352
2439 900 4240 2974 4476 4692 253 136 4383 2838 2219 1083 2109 539 2830 372 4545 4613 821 4697
2666 2143 4571 393 4933 1442 1735 2775 1982 615 925 1098 3635 655 3538 4659 49 570 3090 3223
3513 4001 2575 3746 4807 615 1450 1877 4637 1479 869 3101 4206 4265 950 4652 2851 3817 2945 1468
2178 3575 4492 4933 4156 308 1701 4908 2943 2270 439 4180 1785 3933 1473 448 1058 589 360 2943
3776 2822 2507 4414 643 409 4522 1217 1840 1511 2422 1877 2878 25 896 2961 4358 3727 1206 207
3768 3695 1847 4000 3350 220 998 4820 2210 397 1104 2791 1690 4655 1690 2500 1698 2619 2479 1711
663 1818 2176 2561 1383 2593 594 293 2158 4365 3012 2170 950 2116 385 4163 4646 2330 1763 896
3699 2957 3959 4836 1905 1993 3887 637 2717 1080 3998 1987 3817 723 1877 3636 2363 2068 2010 569
4220 4523 1444 1549 3074 336 3283 3339 4000 4154 1027 3032 73 967 73 3022 1776 2856 3275 2398
1078 2610 4853 4181 334 4388 950 1214 1771 4547 935 2790 4724 3042 1843 863 3505 1124 1907 4727
2696 2553 4749 1899 2302 3386 2290 1003 4493 4801 3673 1992 2588 3200 308 1515 308 2204 4512 4686
2420 4483 3699 1543 4059 73 4982 4372 1877 166 4335 1644 1889 1050 3397 73 2016 997 3717 2378
812 4459 4292 1670 998 154 2173 4613 4465 1698 2529 43 900 4488 893 2053 3041 739 26 4990
3431 2188 3894 1446 627 2199 2053 1670 3306 396 4693 2199 73 4981 2430 1188 1188 385 801 714
1342 634 64 4999 2679 1035 2603 2715 2436 1170 3559 4916 2120 4166 3808 460 1401 4425 4156 364
1202 4760 4069 1321 1914 4341 2349 3954 3095 3021 1907 3029 2241 745 1689 3942 2556 2461 2053 3466
2804 4929 2155 1246 3012 2561 106 4263 3227 3875 3079 1579 4421 3746 1877 1877 4807 3641 2715 2397
1841 2479 3672 1539 3586 2449 2823 1877 2483 4997 2676 3889 514 4371 4095 1512 1446 3491 3668 2562
2194 897 2058 1560 3894 3570 4303 4422 2541 2822 2120 1123 2876 4237 1768 460 1246 2431 1616 4770
2120 4475 489 3330 2602 4552 896 4226 3809 3049 594 959 3109 73 596 4795 4933 69 638 1444
192 3573 1877 3435 872 3265 240 4825 1877 2301 1242 867 2576 2188 1152 3684 250 776 4753 4270
572 4742 1993 1994 3070 3681 866 118 2609 552 1779 4994 4304 2308 761 206 1250 4069 3699 3009
2653 2348 3311 2111 3606 1546 3795 2081 867 3338 4613 1207 4418 2151 2735 1273 3546 79 3683 4121
3641 867 4075 4202 3487 4292 2996 1058 594 768 359 2224 1164 651 957 2797 2461 1481 4623 4994
4319 2581 4715 3965 3112 581 1993 627 1313 780 26 2810 2316 3670 1572 3608 1418 1877 2397 1382
4000 4873 1058 1907 3410 4664 2430 73 1893 1843 1333 4002 478 948 460 1690 416 1172 2839 657
1283 1673 4552 3111 2771 350 3950 2134 3895 2941 2058 2654 1974 639 1209 317 3119 893 1385 219
484 3970 569 3798 4341 3623 1222 1313 146 470 2459 4360 2291 2603 3324 376 3113 1583 4999 1412
4445 1385 2802 1600 2483 1427 2361 2624 1877 3995 2907 654 4059 2459 1735 3392 3357 360 4361 1381
4220 187 3311 4820 4908 4509 2787 975 1009 2755 3187 1877 953 4692 484 4394 2816 1468 3174 4497
1992 3266 1135 2018 2871 2875 831 3221 1684 2130 950 2561 1289 259 4732 3795 3891 4168 1229 4132
2439 118 460 4915 136 867 1014 210 508 3619 893 581 3611 2341 2035 3003 3350 4043 4982 668
2247 4552 317 745 4908 4665 4363 3254 1241 3924 3910 2477 4156 1595 222 1653 866 1786 4043 3870
827 847 4442 3420 4114 2342 2236 2880 2430 957 1517 3268 3160 1921 1275 187 2735 525 3417 4008
4692 2708 1134 564 3226 346 1503 4421 4156 3593 4000 434 1520 4132 872 2230 4156 736 1202 1170
3290 4663 1130 1247 4621 2842 1814 1391 2923 2714 4020 634 3753 4493 3131 1358 3292 3668 2182 2084
1767 1877 1670 4476 1824 3887 4353 1247 1505 3863 4474 2512 4303 4789 2957 152 987 3145 437 4024
594 1921 531 4154 3224 4076 735 21 3991 1768 3293 4604 1684 4687 2058 475 3548 1361 953 2301
3070 3986 874 363 363 237 529 4972 1452 4075 930 206 2566 3070 3874 356 1543 1420 2861 4999
2439 2459 4000 2474 3349 1058 1877 1114 4113 1343 279 4582 4522 89 590 4117 4732 3635 4522 1050
484 2701 896 889 3959 2546 896 21 2639 2058 1257 2391 1826 3548 1823 3894 4789 4915 4753 4195
1848 2008 1123 3427 2717 4140 1913 2378 1315 4243 4225 1232 4335 3988 4364 682 2222 1111 2605 2175
3431 465 1656 4158 1032 1248 2962 4634 2657 2329 714 1877 2250 4522 3795 4431 1308 4362 2541 1785
594 948 2122 3777 4676 1009 3163 4475 135 1425 4475 1664 472 2395 1921 2073 3268 300 452 2762
4929 4681 3242 4692 403 3350 2120 2188 4243 4546 3949 2257 4941 1993 1877 2922 708 4226 1944 1255
484 2593 3359 2943 1502 1978 1002 308 1971 190 1661 1499 2140 2864 2178 896 194 4424 4982 271
581 2295 2561 2561 4062 4709 3496 2581 389 3026 3894 26 118 1659 3587 847 1406 1543 2208 4670
2261 736 4516 2323 3149 360 3893 177 3972 1170 1851 3655 634 4364 4074 4649 2642 3786 2072 2152
936 4613 3609 4982 4211 763 2577 819 1572 1232 865 4000 194 1313 2941 3972 1597 4650 559 1312
200 337 998 987 268 2176 2208 4000 3892 2735 26 2799 135 4933 1687 1834 3431 4655 4993 4477
2461 1697 4867 4328 3926 4162 4902 2337 391 1877 2612 2640 484 4636 1674 4246 2214 4746 3131 320
4292 4740 1644 4966 2961 3892 1462 588 3791 2959 985 4976 3348 308 780 821 4415 1385 4445 1197
4220 1362 3194 2140 1877 893 3293 2671 1830 1877 4018 4629 3340 1701 2971 2260 3655 1606 3487 3670
1923 2564 1877 2378 4384 1197 896 4156 308 3003 4620 38 2380 1617 2430 1907 1585 4453 773 541
804 308 3753 1455 3764 3338 2155 1674 499 1313 4653 2935 377 1096 1877 3338 2173 3514 4413 1164
2598 4693 3311 634 279 4657 2957 222 4221 3655 1480 1580 1024 3187 3113 3386 4394 3071 1879 2430
3422 3764 1135 1970 2349 136 3098 2755 2692 3505 21 4338 4231 3471 2819 3046 1443 4742 3258 3292
234 3892 206 1379 1023 3229 3393 1135 3559 1025 4263 135 4696 2217 118 714 2175 2836 4164 4716
3431 998 4650 1676 950 2743 1248 4959 1290 1146 3717 4653 1313 1296 4199 4142 1450 1698 2270 1603
452 4692 3998 131 3881 2638 2078 3507 2026 1173 4935 1562 3043 2378 3604 4059 2561 38 1009 1877
3079 1877 1873 2416 3238 2625 2199 279 1405 1753 2330 3698 385 668 317 521 4669 131 3594 1690
4929 4292 2831 3584 2378 1247 160 2661 1432 3792 935 3392 116 3227 1750 4119 1087 4162 2330 377
4025 4932 4932 687 4443 452 3897 2378 4902 489 2008 799 2507 819 3972 1502 4925 3491 2078 1566
2532 950 3491 405 1560 4292 2200 2439 2666 2201 3066 4035 4657 1993 4477 3204 3291 363 4085 3910
1435 3208 4167 1670 4244 3892 308 668 2920 2864 453 4845 101 4000 1543 4002 3496 2115 2822 360
4953 187 2290 428 612 4020 3112 676 4069 998 3893 527 1617 2316 1717 922 4227 1676 346 1471
658 957 735 465 3145 499 14 1313 4076 2375 773 3340 198 4166 2600 2061 673 3727 2708 3962
860 475 2158 3699 1877 2202 1877 3699 1739 2941 1595 2443 896 2271 317 3809 822 1642 586 1589
3839 253 4902 4069 775 3389 2378 2500 347 4971 2403 3294 1877 137 1746 2826 2251 1644 1455 947
2472 4907 167 4673 373 2996 4493 644 4752 1839 3992 1197 501 1640 581 2431 3664 2511 2241 1135
3264 3337 1407 3349 2288 4464 276 3022 3013 897 2330 2844 4933 4982 3131 3566 3520 1877 1123 915
2748 4292 1770 2175 570 4519 4637 3619 93 714 462 2027 3354 2924 4095 360 3839 4476 1656 950
2430 2204 1353 1455 1709 2302 4933 2452 3293 4680 2847 3618 1073 2955 4247 2402 21 2094 4048 4693
2871 234 2368 950 1676 4156 1058 4519 2506 4881 954 1285 3658 992 1543 1362 1417 3060 1111 3795
2303 2226 4492 982 1499 1313 4760 1353 4740 1961 996 3310 3830 3663 1246 4465 2967 3142 3636 870
1953 579 2189 2271 4413 1313 3879 2457 1623 4303 3193 1074 2332 4444 3861 1943 1993 628 922 4510
1177 4560 2007 95 3795 3505 2283 2226 136 1921 1910 3079 2934 4095 4289 255 4886 4516 136 2047
4724 3403 4751 3072 1250 4908 4300 4707 2430 1342 1385 1413 4536 541 4929 3559 4742 942 2101 2368
900 3382 1818 1845 3879 796 49 1353 60 4861 3613 1040 627 460 2361 2007 3559 2906 1992 898
3695 4674 3242 3699 1731 4758 521 668 4413 4778 3350 3958 822 1 44 3670 276 437 2926 338
2943 655 781 954 4770 1084 3204 667 4637 4522 3306 685 3163 208 4114 572 1659 4212 4471 1834
2247 1419 949 1992 1123 3904 2316 2810 68 4476 1475 4912 1371 4607 21 4459 2137 2640 4155 4422
1614 3838 3998 3772 3986 4459 774 3809 1955 4756 4069 3699 4770 1043 997 407 2430 714 4613 241
4674 4865 2134 4886 4459 4039 2818 3746 1029 2053 1265 1877 2902 3489 1277 253 253 2610 4644 3048
1935 2838 4705 2420 1432 2430 269 718 4736 896 4943 1125 335 4441 1763 2506 674 3795 1084 3891
4195 4459 3079 1877 501 2866 300 3412 3491 1654 2870 4082 279 3204 410 3984 1893 840 896 4156
2696 838 2430 948 4816 2071 4126 2592 2230 1515 1165 3838 1759 3491 3643 102 2617 1785 2603 2892
206 3135 2194 360 615 1319 4351 2922 4521 1313 2749 510 390 3684 2743 2945 4908 4182 1299 431
2439 3425 3922 234 1595 2119 819 2831 2311 1727 3795 2185 4932 4760 2013 1877 2098 1354 143 4637
2430 4289 4522 2120 4653 3112 3227 481 1284 564 4371 817 3229 957 588 3808 552 668 4839 2194
1161 4596 3922 3998 4308 2330 255 4276 4240 3559 3661 1877 714 2839 2349 26 4932 3306 1452 1940
4937 2218 950 1970 1266 3611 534 1785 2603 3070 2735 254 297 4752 2479 1896 1384 4582 2120 1065
2430 2194 1618 2181 3489 4029 876 3799 1354 2217 4910 3892 903 2579 1150 4476 4921 3070 4647 3299
1689 2208 4817 194 547 2173 3972 1455 2124 1354 872 2330 3764 2175 1428 1381 2640 3586 1322 4422
3410 4171 3022 575 924 2831 3069 499 4932 4589 1910 3443 2651 2137 4394 3187 2753 2151 3187 1075
2957 488 934 3587 2349 998 1658 4758 1841 2625 3879 638 3892 1468 840 685 547 1831 3135 2175
1041 3946 4391 3456 1588 4641 819 1878 4665 4613 1955 2426 4910 1877 3131 4156 4929 740 3391 615
2818 615 3967 4937 3185 1811 3985 1374 3962 292 887 627 3070 2078 1484 4837 3991 3700 3213 3691
1618 164 1517 1676 4742 1640 4853 1499 1580 789 2628 2144 2864 2368 950 2065 1784 732 2219 2865
1834 3998 2370 308 4000 4777 4459 3832 2424 4932 559 1050 1119 670 832 4394 4562 3707 4677 3927
4965 663 448 570 532 950 1952 4769 2638 1539 849 4422 3795 33 4049 1955 761 4580 4249 1628
4195 241 2496 4318 1893 2191 4029 131 745 4890 386 4031 1238 1503 1943 2866 3333 4419 3223 4501
900 4220 3699 2822 2735 2378 2948 862 4760 4349 2288 2964 310 1516 3021 476 3223 4999 1747 135
3431 4698 1877 3587 1099 2640 2844 3099 2255 2963 627 3350 4623 634 3108 508 985 2194 4376 4180
922 4692 8 896 2294 4168 3832 1992 813 1563 437 588 3324 1848 1848 3506 2407 1246 1786 2870
1157 1594 900 2561 4348 3583 4507 4976 1197 136 3230 1893 4523 1873 4140 497 1877 893 2640 3202
3276 3155 1701 2366 4902 3668 3932 2506 3465 4877 3195 3699 2800 1993 200 96 4643 4418 2640 3951
3887 1971 4000 1873 501 2140 1877 3744 2785 54 2459 330 3125 1877 294 3311 668 2892 4933 4237
2459 1575 3371 1382 3483 476 4459 4357 222 2258 998 1354 4552 1263 1468 2864 3906 4522 868 838
1856 925 93 2027 3889 3889 4902 514 2330 4335 468 2941 3218 3296 3874 3305 1786 2870 266 4314
1618 2349 4770 1354 2544 2058 4493 4657 628 1401 3118 2430 1311 3671 957 1211 4910 3990 3132 1813
4071 3323 4397 21 4272 4185 750 4778 1759 1265 1993 1877 2435 2479 2109 4198 2059 4138 1877 4166
1197 4000 396 890 2461 822 2822 4623 997 182 4026 2479 2330 2330 4908 439 4233 3276 1743 373
192 1271 2650 2353 1943 1785 564 1402 4068 950 4287 4162 752 4112 1117 1912 4493 120 3506 605
3688 1546 2378 2566 2342 4466 4601 4671 3386 3142 4605 1503 73 2204 181 250 4548 4976 2073 1955
3018 188 2676 3961 448 1058 1630 43 2194 3559 810 360 1834 3224 1025 2070 2948 2933 4786 2810
4731 3037 2962 3291 4795 3882 165 980 2377 4758 1024 4519 393 1639 532 3587 3961 439 4048 2731
4166 4022 4114 4101 1716 4637 4106 4650 3079 4982 4156 4048 668 3416 1828 516 3995 1893 2612 1877
3235 4459 1676 1813 1263 4235 4988 2247 3948 4180 360 4982 2094 932 950 1595 2646 4613 308 1237
547 3502 1785 3171 4445 957 4146 4168 3832 1878 1053 1313 4397 26 4686 796 3859 2624 1574 3204
2439 1921 2646 655 2561 2588 450 4020 944 4181 1813 634 4459 2312 867 2301 4603 1574 3732 2137
4047 177 3782 2077 3095 4795 2709 3505 655 73 1510 4881 4962 4999 2060 460 3101 1878 4548 4451
4240 3505 2718 780 1197 4156 2792 2435 2109 2188 133 3283 3105 3669 2525 1468 1753 2783 4206 998
3421 4596 1427 3995 1747 1445 670 3837 4186 3988 2330 2479 3977 924 3670 4344 3371 1896 1910 4660
2247 3682 642 2424 693 4637 327 1768 3321 2073 1788 3795 2735 1834 4597 2546 4908 514 3224 1025
1709 3018 1123 329 3894 775 4365 2893 1861 4751 668 1858 2315 634 2300 3311 1661 1482 3982 2173
484 3115 3327 1954 3212 661 4166 4641 1214 1480 4264 2064 3103 2132 1877 4617 2223 3933 3795 2351
3431 4501 2561 4476 1116 3795 2892 2435 2063 1877 903 1399 997 3131 4297 3379 714 3505 3624 4700
3431 998 3704 4438 801 2361 1992 872 1222 4891 4595 4936 3175 547 2777 3726 4672 673 3706 1132
4929 1953 352 1893 3649 1731 2366 2247 3641 4902 1432 1949 1313 819 278 1263 4181 1358 2943 1356
2642 396 4770 360 1891 4902 4412 4048 2530 3150 998 4376 1943 903 3237 3114 3753 903 4022 3378
2178 4000 3174 3293 613 2316 1259 2142 2681 3155 3330 1877 1763 268 2344 4932 3688 4639 441 4902
1873 3922 2824 581 4913 3744 4386 2642 386 2708 385 1498 3832 237 3954 1543 73 4476 3619 2988
775 3746 1503 4619 136 4420 4436 2046 1246 3079 3738 3213 3563 685 1135 2582 2236 998 73 4423
4716 2216 313 4226 2229 655 3932 4156 476 3617 1312 4198 2605 3204 2109 3298 84 2389 3887 1841
4716 714 202 2053 4921 2735 4211 1907 308 648 4706 3485 3417 1543 822 2721 1312 970 1089 547
1880 2400 465 3648 3521 4296 172 2218 1059 718 3348 2003 136 4583 4365 135 2391 4742 695 2782
2430 4289 2668 2610 3350 4344 4097 1023 4592 2449 867 564 2603 745 4214 4982 2178 4000 929 2443
4561 3416 1496 4591 4736 136 1080 478 4168 1173 4376 2135 2415 4933 1102 268 4164 1513 4933 1427
4047 2109 43 2264 3581 42 82 1841 1543 4757 4388 2220 831 234 668 1059 751 1370 3293 4519
821 4933 2184 231 4166 4022 3103 2478 3912 1877 4276 1854 344 2474 736 476 360 31 478 3505
2064 885 377 1080 2735 308 1705 350 1503 1877 80 14 2439 4383 3175 3995 950 4107 4590 900
482 618 1998 2264 2186 2116 31 4908 1607 4966 26 3416 4343 521 1085 4226 4237 1656 4933 1059
900 1091 586 584 2945 4982 4167 3420 1289 2060 614 4950 3598 714 2120 3298 1059 220 718 4982
2898 3070 3410 1358 1775 2485 1360 2811 2957 44 2107 1256 2281 2165 3218 2183 1076 2136 4542 3803
1522 206 4548 514 3443 1130 4533 1690 1452 4474 2957 682 120 1170 896 1197 2109 3832 547 481
2430 3815 1877 4000 2962 1468 3118 950 480 896 207 1103 4741 3965 3036 2865 4476 3210 997 809
899 1135 1932 2338 957 2619 2330 3653 3433 3161 4156 1468 3109 628 4902 4189 1992 2295 2561 2561
2439 1823 4742 4269 200 2395 4171 614 2893 1921 3523 2521 2377 3305 1438 2961 135 4598 1040 3305
3384 2430 3746 4843 4908 2014 1967 3085 4170 1503 1302 3187 1358 1093 1313 1257 409 2165 3927 1756
1507 2634 4459 4313 1961 1995 4575 2457 1623 3864 1927 3012 4493 1265 3035 4156 3821 1786 4805 612
3826 1396 2651 3867 2733 4533 1921 1970 135 3502 2636 2430 4713 1634 4892 3795 4289 2603 4867 135
4663 4353 1516 4476 3204 2338 1503 1587 896 2281 2377 4613 541 957 4902 4553 133 928 360 1135
2430 87 326 2430 118 3775 4332 3727 308 4740 2080 970 3379 4069 3001 4 4522 2633 1083 2178
4459 2483 3054 396 817 2822 2120 924 2191 3386 2109 3307 530 1214 3966 3936 4671 4933 1698 3084
1961 1505 4230 3795 118 2120 4743 896 4279 2444 2507 2078 1312 3874 584 595 1313 177 3972 2561
2643 3306 714 570 3350 4000 3892 282 4658 4619 1537 1993 1739 2428 2941 3470 2628 2046 4692 969
219 2302 615 1755 4807 4226 2295 1116 3686 3864 3223 1185 3187 2834 2789 4285 1584 2674 3707 3117
208 761 1907 4836 3699 4522 4493 699 4114 1076 4671 1889 1470 2013 3892 2158 3686 4908 3581 1893
1873 1872 4406 2917 135 4916 1993 1877 3506 4475 821 1197 4582 1743 774 4088 1959 2945 3386 3187
4724 3403 164 2272 2380 659 1992 4459 2521 1803 4421 4024 2443 2993 1313 1661 4000 4000 2164 4999
1841 521 682 4456 3466 2187 501 4163 3587 4856 465 2438 2567 1197 4929 3348 80 3217 3311 3334
1157 1640 1076 2831 3115 1785 893 1883 903 922 3370 957 308 2721 308 2573 3922 2963 4040 3871
744 4292 4976 1197 2748 627 4493 2638 2733 1993 1877 4856 708 3685 3305 3477 4325 3320 4389 3348
2945 4000 1823 1897 2580 761 135 900 3111 1029 867 3698 4476 3523 4637 4941 3764 3892 1768 4418
1583 1058 1024 4758 3728 4807 2303 439 2107 2140 1949 1587 4132 3764 1268 1566 3985 1480 2193 2222
1617 1919 3496 1142 2208 2824 4536 562 360 729 4933 3382 3809 3544 3066 4752 2651 1191 1354 363
1841 1692 3095 3799 2065 896 4106 460 780 3238 2073 2603 3719 4000 2898 1289 823 2495 3689 1313
1183 1077 745 1247 2378 830 1853 38 317 1961 317 3119 4121 1877 1664 2368 2330 3583 3793 4625
2348 4505 2720 3892 21 1029 4663 460 4106 4318 4873 2529 950 1116 550 867 3945 2303 2558 1543
676 1238 2976 2768 1992 1768 1774 3892 21 4703 2208 2314 1659 3103 2109 4865 4588 4962 3627 3966
206 1428 4937 3646 2673 3604 499 941 3111 377 136 4045 3051 3875 1679 3795 2422 2837 2735 3539
2711 2316 4001 120 2422 937 3279 3658 3446 79 3609 908 3803 1877 4372 2230 1877 2851 527 4934
2430 208 1835 2671 4000 1058 3455 1144 4253 1480 1342 3204 3254 2046 2058 1455 3348 2361 3961 2107
2302 4929 2247 363 4193 1582 1242 1503 4681 3384 1135 2292 1313 2140 2479 2430 2604 1058 4689 3668
4623 3832 6 940 302 1848 4425 2071 317 521 4519 3022 3646 3112 4162 4263 1843 4062 350 1705
346 1456 176 2749 746 2064 2674 2945 3210 3307 80 909 4982 4542 1992 1363 160 2945 1284 896
1630 3303 4285 1828 4929 2715 2650 3795 2561 3417 3989 1786 4676 4095 2992 1509 753 4976 3832 1459
627 4264 3699 4931 2931 4422 733 1993 628 2518 941 1768 819 328 2638 3154 3374 714 2175 3943
234 935 1265 3537 3268 73 2609 2270 898 4129 4425 2107 2190 685 3174 308 4676 2719 2993 2576
3217 3245 2581 1549 4735 819 2078 961 3252 2735 171 676 135 4984 38 4710 634 3892 2522 2353
2247 615 4561 3065 3118 780 2561 4651 501 4047 1894 3265 2357 1937 3584 3795 885 2676 2500 4365
3410 3293 1247 4836 4742 4004 2651 4693 3287 682 308 21 3213 1908 3443 4675 2119 2444 336 4921
1914 2064 3334 4273 889 4401 3832 896 4000 206 4663 476 1026 3187 1026 1197 1356 3954 4460 4279
1202 478 1937 4982 794 42 549 2679 3583 2542 3439 3403 4114 2195 2865 2993 4551 1212 2223 1591
755 3427 2646 584 655 73 1096 2415 2200 2173 1558 3735 2378 4795 1049 3254 360 173 2137 3704
4003 676 1468 1877 3271 407 4685 4575 2422 4604 2699 1102 105 4153 1058 2628 1497 3722 147 615
1259 608 2137 3507 541 982 4856 3641 3977 4941 3795 176 1891 1893 4752 1094 4219 2892 1337 4325
3695 206 2377 1220 4621 4000 1823 1475 2 4758 2161 3876 459 3451 4238 4325 2478 4028 3883 594
2442 2194 2847 1683 763 3176 3339 1958 2457 2728 1248 1992 628 4195 3922 2461 3204 1358 2573 4371
4198 3714 4976 200 1313 4031 4406 3311 3832 4094 1173 4365 2855 1553 2651 4535 4189 1229 1428 1499
3456 4000 3174 3751 479 3410 2831 2444 3640 3892 1896 2202 1080 1909 4020 1265 1232 1877 3338 346
4185 38 4459 4289 532 3671 1123 4476 2625 301 4325 1934 3029 2375 37 2384 317 1677 1419 1120
1517 2430 3263 3427 2079 3795 2561 3803 2673 3149 3922 2743 3199 1861 4182 950 4273 2329 194 2349
1617 1944 1877 0 4220 1594 2361 1893 4584 957 4770 2 1130 898 3143 2908 1659 802 655 1132
1916 4000 2175 3158 870 4476 4253 1443 4575 763 3274 3661 1099 4623 817 2430 2361 2303 3144 4112
4047 3374 2349 2350 92 3875 308 4233 1266 2113 1247 3972 3584 3570 2709 1385 3731 2058 3808 1522
4724 4401 589 3900 2847 1986 1768 4280 4406 3046 325 4742 3095 1125 924 3892 3217 530 317 479
2439 900 4230 4996 3975 867 4142 2031 4227 1270 254 4853 1548 1440 1944 1214 4826 4112 2109 651
3715 541 4220 3903 1595 3275 1232 4321 1035 4805 4672 4202 3932 360 501 2140 4552 4747 969 1084
1038 2073 3427 2488 1910 4154 4226 2642 639 2443 4359 2430 4115 2942 2509 2506 3975 2676 971 3542
3688 628 2581 3405 3330 1135 633 1877 4604 1521 1851 2805 4533 1740 2213 4972 3799 3053 1910 1179
1402 2839 3111 1093 2217 1893 4106 3741 521 4002 3804 3875 1156 2640 3379 1588 38 4389 1484 903
1873 4800 460 3491 4040 2593 3386 4488 2791 401 38 2899 2713 949 2561 1877 2361 4341 1499 2028
1468 2322 3224 644 14 1220 1503 4942 1877 3954 374 2294 3161 4289 3294 950 1170 3188 2450 1543
4090 2253 1000 2609 2697 1629 2175 4279 559 73 2232 647 4599 4192 3420 1629 1630 3022 73 2166
2178 1690 3828 3726 975 1050 4589 1877 2829 357 3489 1877 1877 2518 4671 55 3989 896 2109 638
2219 3776 1099 2640 4660 4341 4287 776 1791 1877 2834 1058 967 1543 21 4653 3112 508 2041 2461
2430 2983 1432 4908 998 2722 3187 1113 1543 3306 1420 2983 3612 39 4657 3311 1354 276 4459 4613
3009 4240 4604 635 4547 3254 2154 2349 76 73 3335 573 2533 2485 1770 413 1300 3879 4348 914
4587 4582 3204 4073 2158 4676 3505 2642 1342 910 3273 1489 4671 3594 948 2865 4119 1214 4692 4590
3776 1183 1246 3539 2448 541 4543 2026 998 615 4823 4156 4982 4297 803 1683 4513 96 708 4582
4056 1877 708 4065 627 1747 1588 4329 2430 2109 3643 1877 1785 4962 3795 4600 2111 4732 2349 2993
4692 3636 2232 3427 360 3410 3487 796 1642 4168 1984 1656 1299 3000 3497 4072 3343 3218 2064 2742
1045 4908 4519 4497 986 3012 3584 1841 521 1842 289 570 159 3048 1631 4613 1864 1679 4802 1384
465 2064 3064 941 1433 664 2349 1072 1877 3092 2865 3795 1853 4977 1313 4263 1623 3267 548 4180
1783 4033 474 254 220 3635 4522 2502 1883 4318 4171 1831 4564 3320 136 2476 3224 1046 3892 1232
3410 649 136 1257 2777 2459 4955 4645 4221 685 135 3875 457 1994 4007 4575 4758 21 4156 1415
2875 4246 514 2154 1689 250 367 4000 2294 4660 3768 3091 998 2561 4402 2785 4921 1357 627 3580
3972 4588 4705 2014 2581 644 1247 3111 2129 1619 320 899 4139 2646 2610 4154 3380 3646 1992 2087
540 608 3953 2168 3350 1847 3350 668 4689 4530 2715 1247 950 3799 2439 177 403 4641 2046 251
4348 3799 222 4536 603 4459 4516 4982 4345 3003 1970 1967 4653 1265 2424 4459 1785 2603 4826 2224
4929 3506 2207 4253 1961 922 2448 1314 2430 1450 3022 950 1384 4156 3350 1711 3218 3746 4807 1785
3692 547 3777 4068 336 26 4162 4523 1313 638 4966 1202 17 2664 1080 937 1543 4976 1197 3229
615 4011 267 3839 3099 1160 3737 3777 3719 637 360 4982 448 3397 2514 4902 479 2199 616 3343
3955 1296 2349 4115 1811 4522 4459 1084 2642 4136 4076 2839 3111 4163 1385 791 1302 4170 3053 1450
1618 2349 4710 534 667 3174 2803 2166 499 2219 768 1065 4875 4428 3736 1768 4476 3296 3044 3956
3009 3963 3386 4462 2603 997 4156 2610 669 2352 668 4361 194 253 4385 4758 950 2955 4389 3491
4692 3420 2485 2270 1371 3891 562 4861 4770 4982 4770 2957 4551 308 3960 3795 3743 3871 4000 4982
3422 2058 3037 466 4000 697 4770 2939 1503 2703 2783 2133 4000 4469 3950 3889 1961 4383 1910 3033
1992 4076 1572 433 4253 1106 948 548 998 116 4240 628 1808 2672 2023 4877 2507 330 595 4681
1992 4623 4230 4000 4194 4279 206 288 2811 2057 3443 3509 2561 73 4615 4588 1335 21 4918 791
2247 1058 67 2581 2659 4538 2609 1993 3917 1877 2659 1993 550 4510 474 4280 1617 1024 3998 3224
2430 11 4564 1698 4770 1168 3782 2276 4475 360 4424 3375 3646 1468 668 1232 2330 3118 594 3057
102 2643 3594 1614 1555 2058 3727 4510 510 3001 3972 4752 3559 3727 3074 896 4621 3808 1065 4069
970 1102 3190 1289 4421 4823 1017 4982 4618 3868 3998 1385 2967 1521 2676 2576 1395 2699 2501 1179
3581 4536 4240 1820 4600 4881 541 2316 2905 3712 3887 2214 4189 3998 1247 4333 2721 4962 1877 3649
4459 3531 253 517 1877 3799 1451 4465 802 957 1383 82 4570 4867 4636 1110 3070 2404 1197 4235
908 4915 3129 2561 1877 2785 3523 4658 936 245 1980 4000 437 2378 4824 3882 776 390 4634 4597
1426 4156 2316 562 3217 1640 3570 1002 1370 508 1679 1877 4966 3746 4269 1921 3252 389 352 1029
3609 2461 3965 3303 3889 1877 4605 714 1058 1992 745 1247 903 3795 4946 1961 2265 1426 3299 3111
4983 3063 4421 136 4982 3307 4278 2426 2712 1698 651 1877 4446 477 1972 4752 1170 135 1265 2352
2247 3686 3656 1992 2378 2898 4221 2930 2808 1798 644 758 4156 4902 1354 3771 4877 187 1593 3248
4795 4000 3894 711 4481 950 2603 4162 2685 55 4869 651 663 1521 2147 2793 623 2811 4752 21
597 1563 52 6 1877 2785 2175 2151 1992 2681 1096 3227 3972 396 4686 2865 4317 807 558 2303
2247 3883 4623 1818 3559 4499 2692 3294 4476 4836 2791 1675 4740 1786 1598 4007 2735 3548 1598 2140
1586 2481 1135 3584 3393 2065 4287 2992 3559 4519 3746 2178 1860 3194 210 3397 2822 2733 3713 2041
1133 38 4465 1171 591 3609 457 2562 2058 4999 2942 4055 2811 1877 3081 822 2822 489 4357 3874
